Sample   	JTAG        	CLK	TCK	TMS	TRST	TDI	TDO	HALT	 Timestamp
        0	0001001     	0  	0  	0  	1   	0  	0  	1   	      0 ps
        1	0011001     	0  	0  	1  	1   	0  	0  	1   	 41.625 ns
        2	0011001     	0  	0  	1  	1   	0  	0  	1   	 41.750 ns
        3	0001001     	0  	0  	0  	1   	0  	0  	1   	 41.625 ns
        4	0001001     	0  	0  	0  	1   	0  	0  	1   	 41.625 ns
        5	0001011     	0  	0  	0  	1   	0  	1  	1   	270.875 ns
        6	0001001     	0  	0  	0  	1   	0  	0  	1   	 41.625 ns
        7	0001101     	0  	0  	0  	1   	1  	0  	1   	 41.750 ns
        8	0001001     	0  	0  	0  	1   	0  	0  	1   	 41.500 ns
        9	0001101     	0  	0  	0  	1   	1  	0  	1   	 41.750 ns
       10	0001101     	0  	0  	0  	1   	1  	0  	1   	 41.625 ns
       11	0001101     	0  	0  	0  	1   	1  	0  	1   	 41.750 ns
       12	0011001     	0  	0  	1  	1   	0  	0  	1   	270.875 ns
       13	0011001     	0  	0  	1  	1   	0  	0  	1   	 41.500 ns
       14	0001001     	0  	0  	0  	1   	0  	0  	1   	 41.750 ns
       15	0011001     	0  	0  	1  	1   	0  	0  	1   	270.875 ns
       16	0001001     	0  	0  	0  	1   	0  	0  	1   	 41.625 ns
       17	0001001     	0  	0  	0  	1   	0  	0  	1   	 41.625 ns
       18	0001011     	0  	0  	0  	1   	0  	1  	1   	333.375 ns
       19	0001101     	0  	0  	0  	1   	1  	0  	1   	 41.625 ns
       20	0001101     	0  	0  	0  	1   	1  	0  	1   	 41.750 ns
       21	0001001     	0  	0  	0  	1   	0  	0  	1   	 41.500 ns
       22	0001001     	0  	0  	0  	1   	0  	0  	1   	 41.625 ns
       23	0001101     	0  	0  	0  	1   	1  	0  	1   	 41.875 ns
       24	0001001     	0  	0  	0  	1   	0  	0  	1   	 41.500 ns
       25	0001101     	0  	0  	0  	1   	1  	0  	1   	 41.750 ns
       26	0001101     	0  	0  	0  	1   	1  	0  	1   	250.000 ns
       27	0001101     	0  	0  	0  	1   	1  	0  	1   	 41.625 ns
       28	0001001     	0  	0  	0  	1   	0  	0  	1   	 41.625 ns
       29	0001101     	0  	0  	0  	1   	1  	0  	1   	 41.750 ns
       30	0001111     	0  	0  	0  	1   	1  	1  	1   	 41.625 ns
       31	0001101     	0  	0  	0  	1   	1  	0  	1   	 41.625 ns
       32	0001101     	0  	0  	0  	1   	1  	0  	1   	 41.750 ns
       33	0001101     	0  	0  	0  	1   	1  	0  	1   	 41.625 ns
       34	0001101     	0  	0  	0  	1   	1  	0  	1   	250.125 ns
       35	0001101     	0  	0  	0  	1   	1  	0  	1   	 41.500 ns
       36	0001001     	0  	0  	0  	1   	0  	0  	1   	 41.625 ns
       37	0001001     	0  	0  	0  	1   	0  	0  	1   	 41.750 ns
       38	0001101     	0  	0  	0  	1   	1  	0  	1   	 41.625 ns
       39	0001101     	0  	0  	0  	1   	1  	0  	1   	 41.750 ns
       40	0001001     	0  	0  	0  	1   	0  	0  	1   	 41.500 ns
       41	0001001     	0  	0  	0  	1   	0  	0  	1   	 41.750 ns
       42	0001001     	0  	0  	0  	1   	0  	0  	1   	375.000 ns
       43	0001001     	0  	0  	0  	1   	0  	0  	1   	 41.625 ns
       44	0001101     	0  	0  	0  	1   	1  	0  	1   	 41.750 ns
       45	0001101     	0  	0  	0  	1   	1  	0  	1   	 41.500 ns
       46	0001101     	0  	0  	0  	1   	1  	0  	1   	 41.750 ns
       47	0001101     	0  	0  	0  	1   	1  	0  	1   	 41.625 ns
       48	0001101     	0  	0  	0  	1   	1  	0  	1   	 41.750 ns
       49	0011001     	0  	0  	1  	1   	0  	0  	1   	375.000 ns
       50	0001001     	0  	0  	0  	1   	0  	0  	1   	 41.625 ns
       51	0011001     	0  	0  	1  	1   	0  	0  	1   	<59,125 us
       52	0001001     	0  	0  	0  	1   	0  	0  	1   	 41.625 ns
       53	0011101     	0  	0  	1  	1   	1  	0  	1   	270.875 ns
       54	0011101     	0  	0  	1  	1   	1  	0  	1   	 41.500 ns
       55	0001101     	0  	0  	0  	1   	1  	0  	1   	 41.750 ns
       56	0001001     	0  	0  	0  	1   	0  	0  	1   	<03,000 us
       57	0011001     	0  	0  	1  	1   	0  	0  	1   	 41.625 ns
       58	0011001     	0  	0  	1  	1   	0  	0  	1   	 41.625 ns
       59	0001001     	0  	0  	0  	1   	0  	0  	1   	 41.625 ns
       60	0001001     	0  	0  	0  	1   	0  	0  	1   	 41.625 ns
       61	0001011     	0  	0  	0  	1   	0  	1  	1   	271.000 ns
       62	0001001     	0  	0  	0  	1   	0  	0  	1   	 41.500 ns
       63	0001101     	0  	0  	0  	1   	1  	0  	1   	 41.750 ns
       64	0001001     	0  	0  	0  	1   	0  	0  	1   	 41.500 ns
       65	0001101     	0  	0  	0  	1   	1  	0  	1   	 41.875 ns
       66	0001101     	0  	0  	0  	1   	1  	0  	1   	 41.625 ns
       67	0001001     	0  	0  	0  	1   	0  	0  	1   	 41.500 ns
       68	0011101     	0  	0  	1  	1   	1  	0  	1   	271.000 ns
       69	0011101     	0  	0  	1  	1   	1  	0  	1   	 41.625 ns
       70	0001101     	0  	0  	0  	1   	1  	0  	1   	 41.625 ns
       71	0011001     	0  	0  	1  	1   	0  	0  	1   	270.875 ns
       72	0001001     	0  	0  	0  	1   	0  	0  	1   	 41.625 ns
       73	0001001     	0  	0  	0  	1   	0  	0  	1   	 41.625 ns
       74	0001001     	0  	0  	0  	1   	0  	0  	1   	333.375 ns
       75	0001001     	0  	0  	0  	1   	0  	0  	1   	 41.625 ns
       76	0001101     	0  	0  	0  	1   	1  	0  	1   	 41.750 ns
       77	0001011     	0  	0  	0  	1   	0  	1  	1   	 41.625 ns
       78	0001101     	0  	0  	0  	1   	1  	0  	1   	 41.625 ns
       79	0001101     	0  	0  	0  	1   	1  	0  	1   	 41.625 ns
       80	0001001     	0  	0  	0  	1   	0  	0  	1   	 41.625 ns
       81	0001111     	0  	0  	0  	1   	1  	1  	1   	 41.750 ns
       82	0001001     	0  	0  	0  	1   	0  	0  	1   	250.000 ns
       83	0001011     	0  	0  	0  	1   	0  	1  	1   	 41.625 ns
       84	0001011     	0  	0  	0  	1   	0  	1  	1   	 41.750 ns
       85	0001001     	0  	0  	0  	1   	0  	0  	1   	 41.500 ns
       86	0001011     	0  	0  	0  	1   	0  	1  	1   	 41.750 ns
       87	0001011     	0  	0  	0  	1   	0  	1  	1   	 41.750 ns
       88	0001001     	0  	0  	0  	1   	0  	0  	1   	 41.500 ns
       89	0001001     	0  	0  	0  	1   	0  	0  	1   	 41.750 ns
       90	0001001     	0  	0  	0  	1   	0  	0  	1   	250.000 ns
       91	0001011     	0  	0  	0  	1   	0  	1  	1   	 41.625 ns
       92	0001001     	0  	0  	0  	1   	0  	0  	1   	 41.625 ns
       93	0001011     	0  	0  	0  	1   	0  	1  	1   	 41.750 ns
       94	0001011     	0  	0  	0  	1   	0  	1  	1   	 41.625 ns
       95	0001011     	0  	0  	0  	1   	0  	1  	1   	 41.625 ns
       96	0001011     	0  	0  	0  	1   	0  	1  	1   	 41.750 ns
       97	0001011     	0  	0  	0  	1   	0  	1  	1   	 41.625 ns
       98	0001011     	0  	0  	0  	1   	0  	1  	1   	250.000 ns
       99	0001011     	0  	0  	0  	1   	0  	1  	1   	 41.625 ns
      100	0001011     	0  	0  	0  	1   	0  	1  	1   	 41.750 ns
      101	0001011     	0  	0  	0  	1   	0  	1  	1   	 41.625 ns
      102	0001011     	0  	0  	0  	1   	0  	1  	1   	 41.625 ns
      103	0001011     	0  	0  	0  	1   	0  	1  	1   	 41.625 ns
      104	0001011     	0  	0  	0  	1   	0  	1  	1   	 41.750 ns
      105	0001011     	0  	0  	0  	1   	0  	1  	1   	 41.625 ns
      106	0011001     	0  	0  	1  	1   	0  	0  	1   	375.000 ns
      107	0011001     	0  	0  	1  	1   	0  	0  	1   	 41.625 ns
      108	0001001     	0  	0  	0  	1   	0  	0  	1   	 41.750 ns
      109	0001001     	0  	0  	0  	1   	0  	0  	1   	<86,500 us
      110	0011001     	0  	0  	1  	1   	0  	0  	1   	 41.625 ns
      111	0011001     	0  	0  	1  	1   	0  	0  	1   	 41.750 ns
      112	0001001     	0  	0  	0  	1   	0  	0  	1   	 41.625 ns
      113	0001001     	0  	0  	0  	1   	0  	0  	1   	 41.625 ns
      114	0001011     	0  	0  	0  	1   	0  	1  	1   	270.875 ns
      115	0001001     	0  	0  	0  	1   	0  	0  	1   	 41.625 ns
      116	0001101     	0  	0  	0  	1   	1  	0  	1   	 41.750 ns
      117	0001001     	0  	0  	0  	1   	0  	0  	1   	 41.500 ns
      118	0001101     	0  	0  	0  	1   	1  	0  	1   	 41.750 ns
      119	0001101     	0  	0  	0  	1   	1  	0  	1   	 41.625 ns
      120	0001101     	0  	0  	0  	1   	1  	0  	1   	 41.750 ns
      121	0011001     	0  	0  	1  	1   	0  	0  	1   	270.750 ns
      122	0011001     	0  	0  	1  	1   	0  	0  	1   	 41.750 ns
      123	0001001     	0  	0  	0  	1   	0  	0  	1   	 41.625 ns
      124	0011001     	0  	0  	1  	1   	0  	0  	1   	270.875 ns
      125	0001001     	0  	0  	0  	1   	0  	0  	1   	 41.500 ns
      126	0001001     	0  	0  	0  	1   	0  	0  	1   	 41.750 ns
      127	0001011     	0  	0  	0  	1   	0  	1  	1   	333.375 ns
      128	0001101     	0  	0  	0  	1   	1  	0  	1   	 41.625 ns
      129	0001101     	0  	0  	0  	1   	1  	0  	1   	 41.625 ns
      130	0001001     	0  	0  	0  	1   	0  	0  	1   	 41.625 ns
      131	0001001     	0  	0  	0  	1   	0  	0  	1   	 41.750 ns
      132	0001101     	0  	0  	0  	1   	1  	0  	1   	 41.750 ns
      133	0001001     	0  	0  	0  	1   	0  	0  	1   	 41.500 ns
      134	0001101     	0  	0  	0  	1   	1  	0  	1   	 41.750 ns
      135	0001001     	0  	0  	0  	1   	0  	0  	1   	250.000 ns
      136	0001101     	0  	0  	0  	1   	1  	0  	1   	 41.750 ns
      137	0001001     	0  	0  	0  	1   	0  	0  	1   	 41.375 ns
      138	0001001     	0  	0  	0  	1   	0  	0  	1   	 41.875 ns
      139	0001011     	0  	0  	0  	1   	0  	1  	1   	 41.625 ns
      140	0001001     	0  	0  	0  	1   	0  	0  	1   	 41.625 ns
      141	0001001     	0  	0  	0  	1   	0  	0  	1   	 41.625 ns
      142	0001001     	0  	0  	0  	1   	0  	0  	1   	 41.625 ns
      143	0001001     	0  	0  	0  	1   	0  	0  	1   	250.125 ns
      144	0001001     	0  	0  	0  	1   	0  	0  	1   	 41.500 ns
      145	0001001     	0  	0  	0  	1   	0  	0  	1   	 41.750 ns
      146	0001101     	0  	0  	0  	1   	1  	0  	1   	 41.625 ns
      147	0001001     	0  	0  	0  	1   	0  	0  	1   	 41.625 ns
      148	0001101     	0  	0  	0  	1   	1  	0  	1   	 41.750 ns
      149	0001001     	0  	0  	0  	1   	0  	0  	1   	 41.625 ns
      150	0001001     	0  	0  	0  	1   	0  	0  	1   	 41.625 ns
      151	0001001     	0  	0  	0  	1   	0  	0  	1   	375.125 ns
      152	0001001     	0  	0  	0  	1   	0  	0  	1   	 41.625 ns
      153	0001101     	0  	0  	0  	1   	1  	0  	1   	 41.625 ns
      154	0001101     	0  	0  	0  	1   	1  	0  	1   	 41.625 ns
      155	0001101     	0  	0  	0  	1   	1  	0  	1   	 41.750 ns
      156	0001101     	0  	0  	0  	1   	1  	0  	1   	 41.625 ns
      157	0001101     	0  	0  	0  	1   	1  	0  	1   	 41.625 ns
      158	0011001     	0  	0  	1  	1   	0  	0  	1   	375.000 ns
      159	0001001     	0  	0  	0  	1   	0  	0  	1   	 41.750 ns
      160	0011001     	0  	0  	1  	1   	0  	0  	1   	<40,250 us
      161	0001001     	0  	0  	0  	1   	0  	0  	1   	 41.750 ns
      162	0011101     	0  	0  	1  	1   	1  	0  	1   	270.750 ns
      163	0011101     	0  	0  	1  	1   	1  	0  	1   	 41.625 ns
      164	0001101     	0  	0  	0  	1   	1  	0  	1   	 41.750 ns
      165	0001001     	0  	0  	0  	1   	0  	0  	1   	<98,625 us
      166	0011001     	0  	0  	1  	1   	0  	0  	1   	 41.625 ns
      167	0011001     	0  	0  	1  	1   	0  	0  	1   	 41.625 ns
      168	0001001     	0  	0  	0  	1   	0  	0  	1   	 41.625 ns
      169	0001001     	0  	0  	0  	1   	0  	0  	1   	 41.750 ns
      170	0001011     	0  	0  	0  	1   	0  	1  	1   	270.750 ns
      171	0001001     	0  	0  	0  	1   	0  	0  	1   	 41.625 ns
      172	0001101     	0  	0  	0  	1   	1  	0  	1   	 41.750 ns
      173	0001001     	0  	0  	0  	1   	0  	0  	1   	 41.625 ns
      174	0001101     	0  	0  	0  	1   	1  	0  	1   	 41.750 ns
      175	0001101     	0  	0  	0  	1   	1  	0  	1   	 41.625 ns
      176	0001101     	0  	0  	0  	1   	1  	0  	1   	 41.625 ns
      177	0011001     	0  	0  	1  	1   	0  	0  	1   	270.875 ns
      178	0011001     	0  	0  	1  	1   	0  	0  	1   	 41.625 ns
      179	0001001     	0  	0  	0  	1   	0  	0  	1   	 41.625 ns
      180	0011001     	0  	0  	1  	1   	0  	0  	1   	270.875 ns
      181	0001001     	0  	0  	0  	1   	0  	0  	1   	 41.625 ns
      182	0001001     	0  	0  	0  	1   	0  	0  	1   	 41.625 ns
      183	0001011     	0  	0  	0  	1   	0  	1  	1   	333.375 ns
      184	0001101     	0  	0  	0  	1   	1  	0  	1   	 41.750 ns
      185	0001101     	0  	0  	0  	1   	1  	0  	1   	 41.625 ns
      186	0001001     	0  	0  	0  	1   	0  	0  	1   	 41.500 ns
      187	0001001     	0  	0  	0  	1   	0  	0  	1   	 41.750 ns
      188	0001101     	0  	0  	0  	1   	1  	0  	1   	 41.750 ns
      189	0001001     	0  	0  	0  	1   	0  	0  	1   	 41.625 ns
      190	0001101     	0  	0  	0  	1   	1  	0  	1   	 41.625 ns
      191	0001101     	0  	0  	0  	1   	1  	0  	1   	250.000 ns
      192	0001101     	0  	0  	0  	1   	1  	0  	1   	 41.625 ns
      193	0001001     	0  	0  	0  	1   	0  	0  	1   	 41.500 ns
      194	0001101     	0  	0  	0  	1   	1  	0  	1   	 41.875 ns
      195	0001111     	0  	0  	0  	1   	1  	1  	1   	 41.625 ns
      196	0001101     	0  	0  	0  	1   	1  	0  	1   	 41.750 ns
      197	0001101     	0  	0  	0  	1   	1  	0  	1   	 41.625 ns
      198	0001101     	0  	0  	0  	1   	1  	0  	1   	 41.625 ns
      199	0001101     	0  	0  	0  	1   	1  	0  	1   	250.000 ns
      200	0001101     	0  	0  	0  	1   	1  	0  	1   	 41.625 ns
      201	0001001     	0  	0  	0  	1   	0  	0  	1   	 41.625 ns
      202	0001001     	0  	0  	0  	1   	0  	0  	1   	 41.750 ns
      203	0001101     	0  	0  	0  	1   	1  	0  	1   	 41.750 ns
      204	0001101     	0  	0  	0  	1   	1  	0  	1   	 41.500 ns
      205	0001001     	0  	0  	0  	1   	0  	0  	1   	 41.625 ns
      206	0001001     	0  	0  	0  	1   	0  	0  	1   	 41.750 ns
      207	0001001     	0  	0  	0  	1   	0  	0  	1   	375.125 ns
      208	0001001     	0  	0  	0  	1   	0  	0  	1   	 41.500 ns
      209	0001101     	0  	0  	0  	1   	1  	0  	1   	 41.750 ns
      210	0001101     	0  	0  	0  	1   	1  	0  	1   	 41.500 ns
      211	0001101     	0  	0  	0  	1   	1  	0  	1   	 41.750 ns
      212	0001101     	0  	0  	0  	1   	1  	0  	1   	 41.625 ns
      213	0001101     	0  	0  	0  	1   	1  	0  	1   	 41.625 ns
      214	0011001     	0  	0  	1  	1   	0  	0  	1   	375.125 ns
      215	0001001     	0  	0  	0  	1   	0  	0  	1   	 41.625 ns
      216	0011001     	0  	0  	1  	1   	0  	0  	1   	<44,500 us
      217	0001001     	0  	0  	0  	1   	0  	0  	1   	 41.750 ns
      218	0011101     	0  	0  	1  	1   	1  	0  	1   	270.750 ns
      219	0011101     	0  	0  	1  	1   	1  	0  	1   	 41.625 ns
      220	0001101     	0  	0  	0  	1   	1  	0  	1   	 41.750 ns
      221	0001001     	0  	0  	0  	1   	0  	0  	1   	<07,000 us
      222	0011001     	0  	0  	1  	1   	0  	0  	1   	 41.625 ns
      223	0011001     	0  	0  	1  	1   	0  	0  	1   	 41.625 ns
      224	0001001     	0  	0  	0  	1   	0  	0  	1   	 41.625 ns
      225	0001001     	0  	0  	0  	1   	0  	0  	1   	 41.625 ns
      226	0001011     	0  	0  	0  	1   	0  	1  	1   	270.875 ns
      227	0001001     	0  	0  	0  	1   	0  	0  	1   	 41.625 ns
      228	0001101     	0  	0  	0  	1   	1  	0  	1   	 41.750 ns
      229	0001001     	0  	0  	0  	1   	0  	0  	1   	 41.625 ns
      230	0001101     	0  	0  	0  	1   	1  	0  	1   	 41.750 ns
      231	0001101     	0  	0  	0  	1   	1  	0  	1   	 41.625 ns
      232	0001001     	0  	0  	0  	1   	0  	0  	1   	 41.500 ns
      233	0011101     	0  	0  	1  	1   	1  	0  	1   	271.000 ns
      234	0011101     	0  	0  	1  	1   	1  	0  	1   	 41.625 ns
      235	0001101     	0  	0  	0  	1   	1  	0  	1   	 41.750 ns
      236	0011001     	0  	0  	1  	1   	0  	0  	1   	270.750 ns
      237	0001001     	0  	0  	0  	1   	0  	0  	1   	 41.750 ns
      238	0001001     	0  	0  	0  	1   	0  	0  	1   	 41.500 ns
      239	0001001     	0  	0  	0  	1   	0  	0  	1   	333.375 ns
      240	0001001     	0  	0  	0  	1   	0  	0  	1   	 41.625 ns
      241	0001101     	0  	0  	0  	1   	1  	0  	1   	 41.750 ns
      242	0001011     	0  	0  	0  	1   	0  	1  	1   	 41.500 ns
      243	0001101     	0  	0  	0  	1   	1  	0  	1   	 41.750 ns
      244	0001101     	0  	0  	0  	1   	1  	0  	1   	 41.625 ns
      245	0001001     	0  	0  	0  	1   	0  	0  	1   	 41.500 ns
      246	0001111     	0  	0  	0  	1   	1  	1  	1   	 41.875 ns
      247	0001001     	0  	0  	0  	1   	0  	0  	1   	250.000 ns
      248	0001011     	0  	0  	0  	1   	0  	1  	1   	 41.625 ns
      249	0001011     	0  	0  	0  	1   	0  	1  	1   	 41.625 ns
      250	0001001     	0  	0  	0  	1   	0  	0  	1   	 41.625 ns
      251	0001011     	0  	0  	0  	1   	0  	1  	1   	 41.750 ns
      252	0001011     	0  	0  	0  	1   	0  	1  	1   	 41.625 ns
      253	0001001     	0  	0  	0  	1   	0  	0  	1   	 41.625 ns
      254	0001001     	0  	0  	0  	1   	0  	0  	1   	 41.750 ns
      255	0001001     	0  	0  	0  	1   	0  	0  	1   	250.000 ns
      256	0001011     	0  	0  	0  	1   	0  	1  	1   	 41.625 ns
      257	0001001     	0  	0  	0  	1   	0  	0  	1   	 41.625 ns
      258	0001011     	0  	0  	0  	1   	0  	1  	1   	 41.750 ns
      259	0001011     	0  	0  	0  	1   	0  	1  	1   	 41.625 ns
      260	0001011     	0  	0  	0  	1   	0  	1  	1   	 41.625 ns
      261	0001011     	0  	0  	0  	1   	0  	1  	1   	 41.750 ns
      262	0001011     	0  	0  	0  	1   	0  	1  	1   	 41.625 ns
      263	0001011     	0  	0  	0  	1   	0  	1  	1   	250.000 ns
      264	0001011     	0  	0  	0  	1   	0  	1  	1   	 41.625 ns
      265	0001011     	0  	0  	0  	1   	0  	1  	1   	 41.750 ns
      266	0001011     	0  	0  	0  	1   	0  	1  	1   	 41.625 ns
      267	0001011     	0  	0  	0  	1   	0  	1  	1   	 41.625 ns
      268	0001011     	0  	0  	0  	1   	0  	1  	1   	 41.750 ns
      269	0001011     	0  	0  	0  	1   	0  	1  	1   	 41.625 ns
      270	0001011     	0  	0  	0  	1   	0  	1  	1   	 41.625 ns
      271	0011001     	0  	0  	1  	1   	0  	0  	1   	375.000 ns
      272	0011001     	0  	0  	1  	1   	0  	0  	1   	 41.625 ns
      273	0001001     	0  	0  	0  	1   	0  	0  	1   	 41.625 ns
      274	0001001     	0  	0  	0  	1   	0  	0  	1   	<11,625 us
      275	0011001     	0  	0  	1  	1   	0  	0  	1   	 41.500 ns
      276	0011001     	0  	0  	1  	1   	0  	0  	1   	 41.750 ns
      277	0001001     	0  	0  	0  	1   	0  	0  	1   	 41.750 ns
      278	0001001     	0  	0  	0  	1   	0  	0  	1   	 41.625 ns
      279	0001011     	0  	0  	0  	1   	0  	1  	1   	270.875 ns
      280	0001001     	0  	0  	0  	1   	0  	0  	1   	 41.625 ns
      281	0001101     	0  	0  	0  	1   	1  	0  	1   	 41.750 ns
      282	0001001     	0  	0  	0  	1   	0  	0  	1   	 41.500 ns
      283	0001101     	0  	0  	0  	1   	1  	0  	1   	 41.750 ns
      284	0001101     	0  	0  	0  	1   	1  	0  	1   	 41.625 ns
      285	0001001     	0  	0  	0  	1   	0  	0  	1   	 41.625 ns
      286	0011101     	0  	0  	1  	1   	1  	0  	1   	271.000 ns
      287	0011101     	0  	0  	1  	1   	1  	0  	1   	 41.500 ns
      288	0001101     	0  	0  	0  	1   	1  	0  	1   	 41.625 ns
      289	0011001     	0  	0  	1  	1   	0  	0  	1   	270.875 ns
      290	0001001     	0  	0  	0  	1   	0  	0  	1   	 41.750 ns
      291	0001001     	0  	0  	0  	1   	0  	0  	1   	 41.500 ns
      292	0001001     	0  	0  	0  	1   	0  	0  	1   	333.500 ns
      293	0001001     	0  	0  	0  	1   	0  	0  	1   	 41.625 ns
      294	0001001     	0  	0  	0  	1   	0  	0  	1   	 41.625 ns
      295	0001111     	0  	0  	0  	1   	1  	1  	1   	 41.750 ns
      296	0001001     	0  	0  	0  	1   	0  	0  	1   	 41.500 ns
      297	0001001     	0  	0  	0  	1   	0  	0  	1   	 41.750 ns
      298	0001001     	0  	0  	0  	1   	0  	0  	1   	 41.625 ns
      299	0001111     	0  	0  	0  	1   	1  	1  	1   	 41.750 ns
      300	0001001     	0  	0  	0  	1   	0  	0  	1   	124.875 ns
      301	0001111     	0  	0  	0  	1   	1  	1  	1   	 41.750 ns
      302	0001111     	0  	0  	0  	1   	1  	1  	1   	 41.625 ns
      303	0001001     	0  	0  	0  	1   	0  	0  	1   	 41.625 ns
      304	0001111     	0  	0  	0  	1   	1  	1  	1   	 41.750 ns
      305	0001111     	0  	0  	0  	1   	1  	1  	1   	 41.625 ns
      306	0001001     	0  	0  	0  	1   	0  	0  	1   	 41.500 ns
      307	0001001     	0  	0  	0  	1   	0  	0  	1   	 41.750 ns
      308	0001001     	0  	0  	0  	1   	0  	0  	1   	125.125 ns
      309	0001111     	0  	0  	0  	1   	1  	1  	1   	 41.750 ns
      310	0001001     	0  	0  	0  	1   	0  	0  	1   	 41.375 ns
      311	0001111     	0  	0  	0  	1   	1  	1  	1   	 41.875 ns
      312	0001111     	0  	0  	0  	1   	1  	1  	1   	 41.625 ns
      313	0001111     	0  	0  	0  	1   	1  	1  	1   	 41.750 ns
      314	0001111     	0  	0  	0  	1   	1  	1  	1   	 41.625 ns
      315	0001111     	0  	0  	0  	1   	1  	1  	1   	 41.625 ns
      316	0001111     	0  	0  	0  	1   	1  	1  	1   	125.125 ns
      317	0001111     	0  	0  	0  	1   	1  	1  	1   	 41.500 ns
      318	0001111     	0  	0  	0  	1   	1  	1  	1   	 41.625 ns
      319	0001111     	0  	0  	0  	1   	1  	1  	1   	 41.625 ns
      320	0001111     	0  	0  	0  	1   	1  	1  	1   	 41.750 ns
      321	0001111     	0  	0  	0  	1   	1  	1  	1   	 41.625 ns
      322	0001111     	0  	0  	0  	1   	1  	1  	1   	 41.625 ns
      323	0001111     	0  	0  	0  	1   	1  	1  	1   	 41.625 ns
      324	0011101     	0  	0  	1  	1   	1  	0  	1   	271.000 ns
      325	0011101     	0  	0  	1  	1   	1  	0  	1   	 41.625 ns
      326	0001101     	0  	0  	0  	1   	1  	0  	1   	 41.625 ns
      327	0001001     	0  	0  	0  	1   	0  	0  	1   	270.875 ns
      328	0011001     	0  	0  	1  	1   	0  	0  	1   	 41.500 ns
      329	0011001     	0  	0  	1  	1   	0  	0  	1   	 41.750 ns
      330	0001001     	0  	0  	0  	1   	0  	0  	1   	 41.625 ns
      331	0001001     	0  	0  	0  	1   	0  	0  	1   	 41.750 ns
      332	0001011     	0  	0  	0  	1   	0  	1  	1   	270.875 ns
      333	0001001     	0  	0  	0  	1   	0  	0  	1   	 41.500 ns
      334	0001101     	0  	0  	0  	1   	1  	0  	1   	 41.750 ns
      335	0001001     	0  	0  	0  	1   	0  	0  	1   	 41.625 ns
      336	0001101     	0  	0  	0  	1   	1  	0  	1   	 41.750 ns
      337	0001101     	0  	0  	0  	1   	1  	0  	1   	 41.625 ns
      338	0001101     	0  	0  	0  	1   	1  	0  	1   	 41.625 ns
      339	0011001     	0  	0  	1  	1   	0  	0  	1   	270.875 ns
      340	0011001     	0  	0  	1  	1   	0  	0  	1   	 41.625 ns
      341	0001001     	0  	0  	0  	1   	0  	0  	1   	 41.625 ns
      342	0011001     	0  	0  	1  	1   	0  	0  	1   	270.875 ns
      343	0001001     	0  	0  	0  	1   	0  	0  	1   	 41.625 ns
      344	0001001     	0  	0  	0  	1   	0  	0  	1   	 41.625 ns
      345	0001011     	0  	0  	0  	1   	0  	1  	1   	333.375 ns
      346	0001101     	0  	0  	0  	1   	1  	0  	1   	 41.750 ns
      347	0001101     	0  	0  	0  	1   	1  	0  	1   	 41.500 ns
      348	0001001     	0  	0  	0  	1   	0  	0  	1   	 41.625 ns
      349	0001001     	0  	0  	0  	1   	0  	0  	1   	 41.750 ns
      350	0001101     	0  	0  	0  	1   	1  	0  	1   	 41.750 ns
      351	0001001     	0  	0  	0  	1   	0  	0  	1   	 41.500 ns
      352	0001101     	0  	0  	0  	1   	1  	0  	1   	 41.750 ns
      353	0001001     	0  	0  	0  	1   	0  	0  	1   	125.000 ns
      354	0001101     	0  	0  	0  	1   	1  	0  	1   	 41.750 ns
      355	0001001     	0  	0  	0  	1   	0  	0  	1   	 41.500 ns
      356	0001101     	0  	0  	0  	1   	1  	0  	1   	 41.875 ns
      357	0001111     	0  	0  	0  	1   	1  	1  	1   	 41.500 ns
      358	0001101     	0  	0  	0  	1   	1  	0  	1   	 41.750 ns
      359	0001101     	0  	0  	0  	1   	1  	0  	1   	 41.625 ns
      360	0001101     	0  	0  	0  	1   	1  	0  	1   	 41.625 ns
      361	0001101     	0  	0  	0  	1   	1  	0  	1   	125.125 ns
      362	0001101     	0  	0  	0  	1   	1  	0  	1   	 41.500 ns
      363	0001001     	0  	0  	0  	1   	0  	0  	1   	 41.625 ns
      364	0001001     	0  	0  	0  	1   	0  	0  	1   	 41.750 ns
      365	0001101     	0  	0  	0  	1   	1  	0  	1   	 41.625 ns
      366	0001101     	0  	0  	0  	1   	1  	0  	1   	 41.750 ns
      367	0001001     	0  	0  	0  	1   	0  	0  	1   	 41.375 ns
      368	0001001     	0  	0  	0  	1   	0  	0  	1   	 41.875 ns
      369	0001001     	0  	0  	0  	1   	0  	0  	1   	125.000 ns
      370	0001001     	0  	0  	0  	1   	0  	0  	1   	 41.625 ns
      371	0001101     	0  	0  	0  	1   	1  	0  	1   	 41.750 ns
      372	0001101     	0  	0  	0  	1   	1  	0  	1   	 41.625 ns
      373	0001101     	0  	0  	0  	1   	1  	0  	1   	 41.625 ns
      374	0001101     	0  	0  	0  	1   	1  	0  	1   	 41.750 ns
      375	0001101     	0  	0  	0  	1   	1  	0  	1   	 41.625 ns
      376	0001001     	0  	0  	0  	1   	0  	0  	1   	 41.625 ns
      377	0011101     	0  	0  	1  	1   	1  	0  	1   	270.875 ns
      378	0011101     	0  	0  	1  	1   	1  	0  	1   	 41.625 ns
      379	0001101     	0  	0  	0  	1   	1  	0  	1   	 41.750 ns
      380	0001001     	0  	0  	0  	1   	0  	0  	1   	270.750 ns
      381	0011001     	0  	0  	1  	1   	0  	0  	1   	 41.625 ns
      382	0011001     	0  	0  	1  	1   	0  	0  	1   	 41.625 ns
      383	0001001     	0  	0  	0  	1   	0  	0  	1   	 41.750 ns
      384	0001001     	0  	0  	0  	1   	0  	0  	1   	 41.625 ns
      385	0001011     	0  	0  	0  	1   	0  	1  	1   	270.875 ns
      386	0001001     	0  	0  	0  	1   	0  	0  	1   	 41.625 ns
      387	0001101     	0  	0  	0  	1   	1  	0  	1   	 41.750 ns
      388	0001001     	0  	0  	0  	1   	0  	0  	1   	 41.500 ns
      389	0001101     	0  	0  	0  	1   	1  	0  	1   	 41.750 ns
      390	0001101     	0  	0  	0  	1   	1  	0  	1   	 41.625 ns
      391	0001101     	0  	0  	0  	1   	1  	0  	1   	 41.750 ns
      392	0011001     	0  	0  	1  	1   	0  	0  	1   	270.750 ns
      393	0011001     	0  	0  	1  	1   	0  	0  	1   	 41.750 ns
      394	0001001     	0  	0  	0  	1   	0  	0  	1   	 41.625 ns
      395	0011001     	0  	0  	1  	1   	0  	0  	1   	270.750 ns
      396	0001001     	0  	0  	0  	1   	0  	0  	1   	 41.625 ns
      397	0001001     	0  	0  	0  	1   	0  	0  	1   	 41.750 ns
      398	0001011     	0  	0  	0  	1   	0  	1  	1   	333.250 ns
      399	0001101     	0  	0  	0  	1   	1  	0  	1   	 41.750 ns
      400	0001101     	0  	0  	0  	1   	1  	0  	1   	 41.625 ns
      401	0001001     	0  	0  	0  	1   	0  	0  	1   	 41.625 ns
      402	0001001     	0  	0  	0  	1   	0  	0  	1   	 41.625 ns
      403	0001101     	0  	0  	0  	1   	1  	0  	1   	 41.750 ns
      404	0001001     	0  	0  	0  	1   	0  	0  	1   	 41.500 ns
      405	0001101     	0  	0  	0  	1   	1  	0  	1   	 41.875 ns
      406	0001101     	0  	0  	0  	1   	1  	0  	1   	249.875 ns
      407	0001101     	0  	0  	0  	1   	1  	0  	1   	 41.625 ns
      408	0001001     	0  	0  	0  	1   	0  	0  	1   	 41.625 ns
      409	0001101     	0  	0  	0  	1   	1  	0  	1   	 41.750 ns
      410	0001111     	0  	0  	0  	1   	1  	1  	1   	 41.625 ns
      411	0001101     	0  	0  	0  	1   	1  	0  	1   	 41.750 ns
      412	0001101     	0  	0  	0  	1   	1  	0  	1   	 41.625 ns
      413	0001101     	0  	0  	0  	1   	1  	0  	1   	 41.750 ns
      414	0001101     	0  	0  	0  	1   	1  	0  	1   	250.000 ns
      415	0001101     	0  	0  	0  	1   	1  	0  	1   	 41.625 ns
      416	0001001     	0  	0  	0  	1   	0  	0  	1   	 41.500 ns
      417	0001001     	0  	0  	0  	1   	0  	0  	1   	 41.750 ns
      418	0001101     	0  	0  	0  	1   	1  	0  	1   	 41.750 ns
      419	0001101     	0  	0  	0  	1   	1  	0  	1   	 41.625 ns
      420	0001001     	0  	0  	0  	1   	0  	0  	1   	 41.500 ns
      421	0001001     	0  	0  	0  	1   	0  	0  	1   	 41.875 ns
      422	0001001     	0  	0  	0  	1   	0  	0  	1   	375.000 ns
      423	0001001     	0  	0  	0  	1   	0  	0  	1   	 41.625 ns
      424	0001101     	0  	0  	0  	1   	1  	0  	1   	 41.625 ns
      425	0001101     	0  	0  	0  	1   	1  	0  	1   	 41.625 ns
      426	0001101     	0  	0  	0  	1   	1  	0  	1   	 41.750 ns
      427	0001101     	0  	0  	0  	1   	1  	0  	1   	 41.625 ns
      428	0001101     	0  	0  	0  	1   	1  	0  	1   	 41.625 ns
      429	0011001     	0  	0  	1  	1   	0  	0  	1   	375.000 ns
      430	0001001     	0  	0  	0  	1   	0  	0  	1   	 41.750 ns
      431	0011001     	0  	0  	1  	1   	0  	0  	1   	<07,750 us
      432	0001001     	0  	0  	0  	1   	0  	0  	1   	 41.750 ns
      433	0011101     	0  	0  	1  	1   	1  	0  	1   	270.875 ns
      434	0011101     	0  	0  	1  	1   	1  	0  	1   	 41.625 ns
      435	0001101     	0  	0  	0  	1   	1  	0  	1   	 41.625 ns
      436	0001001     	0  	0  	0  	1   	0  	0  	1   	<52,750 us
      437	0011001     	0  	0  	1  	1   	0  	0  	1   	 41.625 ns
      438	0011001     	0  	0  	1  	1   	0  	0  	1   	 41.625 ns
      439	0001001     	0  	0  	0  	1   	0  	0  	1   	 41.750 ns
      440	0001001     	0  	0  	0  	1   	0  	0  	1   	 41.625 ns
      441	0001011     	0  	0  	0  	1   	0  	1  	1   	270.875 ns
      442	0001001     	0  	0  	0  	1   	0  	0  	1   	 41.500 ns
      443	0001101     	0  	0  	0  	1   	1  	0  	1   	 41.875 ns
      444	0001001     	0  	0  	0  	1   	0  	0  	1   	 41.500 ns
      445	0001101     	0  	0  	0  	1   	1  	0  	1   	 41.625 ns
      446	0001101     	0  	0  	0  	1   	1  	0  	1   	 41.750 ns
      447	0001001     	0  	0  	0  	1   	0  	0  	1   	 41.500 ns
      448	0011101     	0  	0  	1  	1   	1  	0  	1   	271.000 ns
      449	0011101     	0  	0  	1  	1   	1  	0  	1   	 41.625 ns
      450	0001101     	0  	0  	0  	1   	1  	0  	1   	 41.750 ns
      451	0011001     	0  	0  	1  	1   	0  	0  	1   	270.875 ns
      452	0001001     	0  	0  	0  	1   	0  	0  	1   	 41.625 ns
      453	0001001     	0  	0  	0  	1   	0  	0  	1   	 41.625 ns
      454	0001001     	0  	0  	0  	1   	0  	0  	1   	333.375 ns
      455	0001001     	0  	0  	0  	1   	0  	0  	1   	 41.500 ns
      456	0001101     	0  	0  	0  	1   	1  	0  	1   	 41.750 ns
      457	0001011     	0  	0  	0  	1   	0  	1  	1   	 41.625 ns
      458	0001101     	0  	0  	0  	1   	1  	0  	1   	 41.750 ns
      459	0001101     	0  	0  	0  	1   	1  	0  	1   	 41.500 ns
      460	0001001     	0  	0  	0  	1   	0  	0  	1   	 41.625 ns
      461	0001111     	0  	0  	0  	1   	1  	1  	1   	 41.875 ns
      462	0001001     	0  	0  	0  	1   	0  	0  	1   	249.875 ns
      463	0001011     	0  	0  	0  	1   	0  	1  	1   	 41.625 ns
      464	0001011     	0  	0  	0  	1   	0  	1  	1   	 41.750 ns
      465	0001001     	0  	0  	0  	1   	0  	0  	1   	 41.625 ns
      466	0001011     	0  	0  	0  	1   	0  	1  	1   	 41.625 ns
      467	0001011     	0  	0  	0  	1   	0  	1  	1   	 41.750 ns
      468	0001001     	0  	0  	0  	1   	0  	0  	1   	 41.625 ns
      469	0001001     	0  	0  	0  	1   	0  	0  	1   	 41.625 ns
      470	0001001     	0  	0  	0  	1   	0  	0  	1   	250.000 ns
      471	0001011     	0  	0  	0  	1   	0  	1  	1   	 41.750 ns
      472	0001001     	0  	0  	0  	1   	0  	0  	1   	 41.500 ns
      473	0001011     	0  	0  	0  	1   	0  	1  	1   	 41.750 ns
      474	0001011     	0  	0  	0  	1   	0  	1  	1   	 41.625 ns
      475	0001011     	0  	0  	0  	1   	0  	1  	1   	 41.625 ns
      476	0001011     	0  	0  	0  	1   	0  	1  	1   	 41.750 ns
      477	0001011     	0  	0  	0  	1   	0  	1  	1   	 41.625 ns
      478	0001011     	0  	0  	0  	1   	0  	1  	1   	250.000 ns
      479	0001011     	0  	0  	0  	1   	0  	1  	1   	 41.625 ns
      480	0001011     	0  	0  	0  	1   	0  	1  	1   	 41.750 ns
      481	0001011     	0  	0  	0  	1   	0  	1  	1   	 41.625 ns
      482	0001011     	0  	0  	0  	1   	0  	1  	1   	 41.625 ns
      483	0001011     	0  	0  	0  	1   	0  	1  	1   	 41.625 ns
      484	0001011     	0  	0  	0  	1   	0  	1  	1   	 41.750 ns
      485	0001011     	0  	0  	0  	1   	0  	1  	1   	 41.750 ns
      486	0011001     	0  	0  	1  	1   	0  	0  	1   	375.000 ns
      487	0011001     	0  	0  	1  	1   	0  	0  	1   	 41.500 ns
      488	0001001     	0  	0  	0  	1   	0  	0  	1   	 41.750 ns
      489	0001001     	0  	0  	0  	1   	0  	0  	1   	<02,500 us
      490	0011001     	0  	0  	1  	1   	0  	0  	1   	 41.625 ns
      491	0011001     	0  	0  	1  	1   	0  	0  	1   	 41.750 ns
      492	0001001     	0  	0  	0  	1   	0  	0  	1   	 41.625 ns
      493	0001001     	0  	0  	0  	1   	0  	0  	1   	 41.625 ns
      494	0001011     	0  	0  	0  	1   	0  	1  	1   	270.875 ns
      495	0001001     	0  	0  	0  	1   	0  	0  	1   	 41.625 ns
      496	0001101     	0  	0  	0  	1   	1  	0  	1   	 41.750 ns
      497	0001001     	0  	0  	0  	1   	0  	0  	1   	 41.500 ns
      498	0001101     	0  	0  	0  	1   	1  	0  	1   	 41.875 ns
      499	0001101     	0  	0  	0  	1   	1  	0  	1   	 41.625 ns
      500	0001001     	0  	0  	0  	1   	0  	0  	1   	 41.625 ns
      501	0011101     	0  	0  	1  	1   	1  	0  	1   	270.875 ns
      502	0011101     	0  	0  	1  	1   	1  	0  	1   	 41.625 ns
      503	0001101     	0  	0  	0  	1   	1  	0  	1   	 41.625 ns
      504	0011001     	0  	0  	1  	1   	0  	0  	1   	270.875 ns
      505	0001001     	0  	0  	0  	1   	0  	0  	1   	 41.625 ns
      506	0001001     	0  	0  	0  	1   	0  	0  	1   	 41.625 ns
      507	0001001     	0  	0  	0  	1   	0  	0  	1   	333.250 ns
      508	0001001     	0  	0  	0  	1   	0  	0  	1   	 41.750 ns
      509	0001001     	0  	0  	0  	1   	0  	0  	1   	 41.625 ns
      510	0001011     	0  	0  	0  	1   	0  	1  	1   	 41.625 ns
      511	0001001     	0  	0  	0  	1   	0  	0  	1   	 41.625 ns
      512	0001001     	0  	0  	0  	1   	0  	0  	1   	 41.750 ns
      513	0001001     	0  	0  	0  	1   	0  	0  	1   	 41.625 ns
      514	0001011     	0  	0  	0  	1   	0  	1  	1   	 41.625 ns
      515	0001001     	0  	0  	0  	1   	0  	0  	1   	125.000 ns
      516	0001011     	0  	0  	0  	1   	0  	1  	1   	 41.750 ns
      517	0001011     	0  	0  	0  	1   	0  	1  	1   	 41.625 ns
      518	0001001     	0  	0  	0  	1   	0  	0  	1   	 41.625 ns
      519	0001011     	0  	0  	0  	1   	0  	1  	1   	 41.750 ns
      520	0001011     	0  	0  	0  	1   	0  	1  	1   	 41.625 ns
      521	0001001     	0  	0  	0  	1   	0  	0  	1   	 41.625 ns
      522	0001001     	0  	0  	0  	1   	0  	0  	1   	 41.750 ns
      523	0001001     	0  	0  	0  	1   	0  	0  	1   	125.000 ns
      524	0001011     	0  	0  	0  	1   	0  	1  	1   	 41.625 ns
      525	0001001     	0  	0  	0  	1   	0  	0  	1   	 41.625 ns
      526	0001011     	0  	0  	0  	1   	0  	1  	1   	 41.750 ns
      527	0001011     	0  	0  	0  	1   	0  	1  	1   	 41.625 ns
      528	0001011     	0  	0  	0  	1   	0  	1  	1   	 41.625 ns
      529	0001011     	0  	0  	0  	1   	0  	1  	1   	 41.625 ns
      530	0001011     	0  	0  	0  	1   	0  	1  	1   	 41.625 ns
      531	0001111     	0  	0  	0  	1   	1  	1  	1   	125.125 ns
      532	0001011     	0  	0  	0  	1   	0  	1  	1   	 41.500 ns
      533	0001011     	0  	0  	0  	1   	0  	1  	1   	 41.750 ns
      534	0001011     	0  	0  	0  	1   	0  	1  	1   	 41.625 ns
      535	0001111     	0  	0  	0  	1   	1  	1  	1   	 41.750 ns
      536	0001111     	0  	0  	0  	1   	1  	1  	1   	 41.625 ns
      537	0001111     	0  	0  	0  	1   	1  	1  	1   	 41.625 ns
      538	0001011     	0  	0  	0  	1   	0  	1  	1   	 41.625 ns
      539	0011101     	0  	0  	1  	1   	1  	0  	1   	271.000 ns
      540	0011101     	0  	0  	1  	1   	1  	0  	1   	 41.625 ns
      541	0001101     	0  	0  	0  	1   	1  	0  	1   	 41.625 ns
      542	0001001     	0  	0  	0  	1   	0  	0  	1   	270.875 ns
      543	0011001     	0  	0  	1  	1   	0  	0  	1   	 41.625 ns
      544	0011001     	0  	0  	1  	1   	0  	0  	1   	 41.625 ns
      545	0001001     	0  	0  	0  	1   	0  	0  	1   	 41.750 ns
      546	0001001     	0  	0  	0  	1   	0  	0  	1   	 41.625 ns
      547	0001011     	0  	0  	0  	1   	0  	1  	1   	270.750 ns
      548	0001001     	0  	0  	0  	1   	0  	0  	1   	 41.625 ns
      549	0001101     	0  	0  	0  	1   	1  	0  	1   	 41.750 ns
      550	0001001     	0  	0  	0  	1   	0  	0  	1   	 41.500 ns
      551	0001101     	0  	0  	0  	1   	1  	0  	1   	 41.875 ns
      552	0001101     	0  	0  	0  	1   	1  	0  	1   	 41.625 ns
      553	0001101     	0  	0  	0  	1   	1  	0  	1   	 41.625 ns
      554	0011001     	0  	0  	1  	1   	0  	0  	1   	270.875 ns
      555	0011001     	0  	0  	1  	1   	0  	0  	1   	 41.625 ns
      556	0001001     	0  	0  	0  	1   	0  	0  	1   	 41.750 ns
      557	0011001     	0  	0  	1  	1   	0  	0  	1   	270.750 ns
      558	0001001     	0  	0  	0  	1   	0  	0  	1   	 41.625 ns
      559	0001001     	0  	0  	0  	1   	0  	0  	1   	 41.625 ns
      560	0001011     	0  	0  	0  	1   	0  	1  	1   	333.375 ns
      561	0001101     	0  	0  	0  	1   	1  	0  	1   	 41.750 ns
      562	0001101     	0  	0  	0  	1   	1  	0  	1   	 41.625 ns
      563	0001001     	0  	0  	0  	1   	0  	0  	1   	 41.500 ns
      564	0001001     	0  	0  	0  	1   	0  	0  	1   	 41.750 ns
      565	0001101     	0  	0  	0  	1   	1  	0  	1   	 41.750 ns
      566	0001001     	0  	0  	0  	1   	0  	0  	1   	 41.625 ns
      567	0001101     	0  	0  	0  	1   	1  	0  	1   	 41.625 ns
      568	0001001     	0  	0  	0  	1   	0  	0  	1   	125.000 ns
      569	0001101     	0  	0  	0  	1   	1  	0  	1   	 41.750 ns
      570	0001001     	0  	0  	0  	1   	0  	0  	1   	 41.500 ns
      571	0001101     	0  	0  	0  	1   	1  	0  	1   	 41.750 ns
      572	0001111     	0  	0  	0  	1   	1  	1  	1   	 41.625 ns
      573	0001101     	0  	0  	0  	1   	1  	0  	1   	 41.625 ns
      574	0001101     	0  	0  	0  	1   	1  	0  	1   	 41.750 ns
      575	0001101     	0  	0  	0  	1   	1  	0  	1   	 41.625 ns
      576	0001101     	0  	0  	0  	1   	1  	0  	1   	125.125 ns
      577	0001101     	0  	0  	0  	1   	1  	0  	1   	 41.625 ns
      578	0001001     	0  	0  	0  	1   	0  	0  	1   	 41.500 ns
      579	0001001     	0  	0  	0  	1   	0  	0  	1   	 41.750 ns
      580	0001101     	0  	0  	0  	1   	1  	0  	1   	 41.750 ns
      581	0001101     	0  	0  	0  	1   	1  	0  	1   	 41.625 ns
      582	0001001     	0  	0  	0  	1   	0  	0  	1   	 41.500 ns
      583	0001001     	0  	0  	0  	1   	0  	0  	1   	 41.750 ns
      584	0001001     	0  	0  	0  	1   	0  	0  	1   	125.125 ns
      585	0001001     	0  	0  	0  	1   	0  	0  	1   	 41.500 ns
      586	0001101     	0  	0  	0  	1   	1  	0  	1   	 41.750 ns
      587	0001101     	0  	0  	0  	1   	1  	0  	1   	 41.625 ns
      588	0001101     	0  	0  	0  	1   	1  	0  	1   	 41.625 ns
      589	0001101     	0  	0  	0  	1   	1  	0  	1   	 41.750 ns
      590	0001101     	0  	0  	0  	1   	1  	0  	1   	 41.625 ns
      591	0001001     	0  	0  	0  	1   	0  	0  	1   	 41.625 ns
      592	0011101     	0  	0  	1  	1   	1  	0  	1   	270.875 ns
      593	0011101     	0  	0  	1  	1   	1  	0  	1   	 41.750 ns
      594	0001101     	0  	0  	0  	1   	1  	0  	1   	 41.625 ns
      595	0001001     	0  	0  	0  	1   	0  	0  	1   	270.875 ns
      596	0011001     	0  	0  	1  	1   	0  	0  	1   	 41.500 ns
      597	0011001     	0  	0  	1  	1   	0  	0  	1   	 41.750 ns
      598	0001001     	0  	0  	0  	1   	0  	0  	1   	 41.625 ns
      599	0001001     	0  	0  	0  	1   	0  	0  	1   	 41.625 ns
      600	0001011     	0  	0  	0  	1   	0  	1  	1   	270.875 ns
      601	0001001     	0  	0  	0  	1   	0  	0  	1   	 41.625 ns
      602	0001101     	0  	0  	0  	1   	1  	0  	1   	 41.750 ns
      603	0001001     	0  	0  	0  	1   	0  	0  	1   	 41.500 ns
      604	0001101     	0  	0  	0  	1   	1  	0  	1   	 41.875 ns
      605	0001101     	0  	0  	0  	1   	1  	0  	1   	 41.500 ns
      606	0001101     	0  	0  	0  	1   	1  	0  	1   	 41.750 ns
      607	0011001     	0  	0  	1  	1   	0  	0  	1   	270.875 ns
      608	0011001     	0  	0  	1  	1   	0  	0  	1   	 41.625 ns
      609	0001001     	0  	0  	0  	1   	0  	0  	1   	 41.625 ns
      610	0011001     	0  	0  	1  	1   	0  	0  	1   	270.875 ns
      611	0001001     	0  	0  	0  	1   	0  	0  	1   	 41.625 ns
      612	0001001     	0  	0  	0  	1   	0  	0  	1   	 41.625 ns
      613	0001011     	0  	0  	0  	1   	0  	1  	1   	333.375 ns
      614	0001101     	0  	0  	0  	1   	1  	0  	1   	 41.625 ns
      615	0001101     	0  	0  	0  	1   	1  	0  	1   	 41.625 ns
      616	0001001     	0  	0  	0  	1   	0  	0  	1   	 41.500 ns
      617	0001001     	0  	0  	0  	1   	0  	0  	1   	 41.875 ns
      618	0001101     	0  	0  	0  	1   	1  	0  	1   	 41.750 ns
      619	0001001     	0  	0  	0  	1   	0  	0  	1   	 41.375 ns
      620	0001101     	0  	0  	0  	1   	1  	0  	1   	 41.875 ns
      621	0001101     	0  	0  	0  	1   	1  	0  	1   	125.000 ns
      622	0001101     	0  	0  	0  	1   	1  	0  	1   	 41.625 ns
      623	0001001     	0  	0  	0  	1   	0  	0  	1   	 41.500 ns
      624	0001001     	0  	0  	0  	1   	0  	0  	1   	 41.875 ns
      625	0001011     	0  	0  	0  	1   	0  	1  	1   	 41.625 ns
      626	0001001     	0  	0  	0  	1   	0  	0  	1   	 41.625 ns
      627	0001001     	0  	0  	0  	1   	0  	0  	1   	 41.625 ns
      628	0001001     	0  	0  	0  	1   	0  	0  	1   	 41.625 ns
      629	0001001     	0  	0  	0  	1   	0  	0  	1   	125.125 ns
      630	0001001     	0  	0  	0  	1   	0  	0  	1   	 41.750 ns
      631	0001001     	0  	0  	0  	1   	0  	0  	1   	 41.500 ns
      632	0001101     	0  	0  	0  	1   	1  	0  	1   	 41.750 ns
      633	0001001     	0  	0  	0  	1   	0  	0  	1   	 41.500 ns
      634	0001101     	0  	0  	0  	1   	1  	0  	1   	 41.750 ns
      635	0001001     	0  	0  	0  	1   	0  	0  	1   	 41.625 ns
      636	0001001     	0  	0  	0  	1   	0  	0  	1   	 41.625 ns
      637	0001001     	0  	0  	0  	1   	0  	0  	1   	125.125 ns
      638	0001001     	0  	0  	0  	1   	0  	0  	1   	 41.625 ns
      639	0001101     	0  	0  	0  	1   	1  	0  	1   	 41.750 ns
      640	0001101     	0  	0  	0  	1   	1  	0  	1   	 41.625 ns
      641	0001101     	0  	0  	0  	1   	1  	0  	1   	 41.625 ns
      642	0001101     	0  	0  	0  	1   	1  	0  	1   	 41.625 ns
      643	0001101     	0  	0  	0  	1   	1  	0  	1   	 41.625 ns
      644	0001001     	0  	0  	0  	1   	0  	0  	1   	 41.625 ns
      645	0011101     	0  	0  	1  	1   	1  	0  	1   	271.000 ns
      646	0011101     	0  	0  	1  	1   	1  	0  	1   	 41.625 ns
      647	0001101     	0  	0  	0  	1   	1  	0  	1   	 41.625 ns
      648	0001001     	0  	0  	0  	1   	0  	0  	1   	270.875 ns
      649	0011001     	0  	0  	1  	1   	0  	0  	1   	 41.625 ns
      650	0011001     	0  	0  	1  	1   	0  	0  	1   	 41.625 ns
      651	0001001     	0  	0  	0  	1   	0  	0  	1   	 41.625 ns
      652	0001001     	0  	0  	0  	1   	0  	0  	1   	 41.625 ns
      653	0001011     	0  	0  	0  	1   	0  	1  	1   	270.875 ns
      654	0001001     	0  	0  	0  	1   	0  	0  	1   	 41.625 ns
      655	0001101     	0  	0  	0  	1   	1  	0  	1   	 41.875 ns
      656	0001001     	0  	0  	0  	1   	0  	0  	1   	 41.375 ns
      657	0001101     	0  	0  	0  	1   	1  	0  	1   	 41.875 ns
      658	0001101     	0  	0  	0  	1   	1  	0  	1   	 41.625 ns
      659	0001001     	0  	0  	0  	1   	0  	0  	1   	 41.500 ns
      660	0011101     	0  	0  	1  	1   	1  	0  	1   	271.000 ns
      661	0011101     	0  	0  	1  	1   	1  	0  	1   	 41.625 ns
      662	0001101     	0  	0  	0  	1   	1  	0  	1   	 41.625 ns
      663	0011001     	0  	0  	1  	1   	0  	0  	1   	270.875 ns
      664	0001001     	0  	0  	0  	1   	0  	0  	1   	 41.625 ns
      665	0001001     	0  	0  	0  	1   	0  	0  	1   	 41.625 ns
      666	0001001     	0  	0  	0  	1   	0  	0  	1   	333.375 ns
      667	0001001     	0  	0  	0  	1   	0  	0  	1   	 41.625 ns
      668	0001001     	0  	0  	0  	1   	0  	0  	1   	 41.750 ns
      669	0001101     	0  	0  	0  	1   	1  	0  	1   	 41.750 ns
      670	0001001     	0  	0  	0  	1   	0  	0  	1   	 41.375 ns
      671	0001001     	0  	0  	0  	1   	0  	0  	1   	 41.750 ns
      672	0001001     	0  	0  	0  	1   	0  	0  	1   	 41.750 ns
      673	0001101     	0  	0  	0  	1   	1  	0  	1   	 41.750 ns
      674	0001001     	0  	0  	0  	1   	0  	0  	1   	124.875 ns
      675	0001101     	0  	0  	0  	1   	1  	0  	1   	 41.750 ns
      676	0001101     	0  	0  	0  	1   	1  	0  	1   	 41.500 ns
      677	0001001     	0  	0  	0  	1   	0  	0  	1   	 41.625 ns
      678	0001101     	0  	0  	0  	1   	1  	0  	1   	 41.875 ns
      679	0001101     	0  	0  	0  	1   	1  	0  	1   	 41.500 ns
      680	0001001     	0  	0  	0  	1   	0  	0  	1   	 41.625 ns
      681	0001001     	0  	0  	0  	1   	0  	0  	1   	 41.750 ns
      682	0001001     	0  	0  	0  	1   	0  	0  	1   	125.000 ns
      683	0001101     	0  	0  	0  	1   	1  	0  	1   	 41.750 ns
      684	0001001     	0  	0  	0  	1   	0  	0  	1   	 41.500 ns
      685	0001101     	0  	0  	0  	1   	1  	0  	1   	 41.750 ns
      686	0001101     	0  	0  	0  	1   	1  	0  	1   	 41.625 ns
      687	0001101     	0  	0  	0  	1   	1  	0  	1   	 41.750 ns
      688	0001101     	0  	0  	0  	1   	1  	0  	1   	 41.625 ns
      689	0001101     	0  	0  	0  	1   	1  	0  	1   	 41.625 ns
      690	0001111     	0  	0  	0  	1   	1  	1  	1   	125.000 ns
      691	0001101     	0  	0  	0  	1   	1  	0  	1   	 41.625 ns
      692	0001101     	0  	0  	0  	1   	1  	0  	1   	 41.625 ns
      693	0001101     	0  	0  	0  	1   	1  	0  	1   	 41.750 ns
      694	0001111     	0  	0  	0  	1   	1  	1  	1   	 41.625 ns
      695	0001111     	0  	0  	0  	1   	1  	1  	1   	 41.625 ns
      696	0001111     	0  	0  	0  	1   	1  	1  	1   	 41.750 ns
      697	0001101     	0  	0  	0  	1   	1  	0  	1   	 41.625 ns
      698	0011101     	0  	0  	1  	1   	1  	0  	1   	270.875 ns
      699	0011101     	0  	0  	1  	1   	1  	0  	1   	 41.625 ns
      700	0001101     	0  	0  	0  	1   	1  	0  	1   	 41.750 ns
      701	0001001     	0  	0  	0  	1   	0  	0  	1   	270.750 ns
      702	0011001     	0  	0  	1  	1   	0  	0  	1   	 41.625 ns
      703	0011001     	0  	0  	1  	1   	0  	0  	1   	 41.750 ns
      704	0001001     	0  	0  	0  	1   	0  	0  	1   	 41.625 ns
      705	0001001     	0  	0  	0  	1   	0  	0  	1   	 41.625 ns
      706	0001011     	0  	0  	0  	1   	0  	1  	1   	270.875 ns
      707	0001001     	0  	0  	0  	1   	0  	0  	1   	 41.500 ns
      708	0001101     	0  	0  	0  	1   	1  	0  	1   	 41.875 ns
      709	0001001     	0  	0  	0  	1   	0  	0  	1   	 41.500 ns
      710	0001101     	0  	0  	0  	1   	1  	0  	1   	 41.875 ns
      711	0001101     	0  	0  	0  	1   	1  	0  	1   	 41.500 ns
      712	0001101     	0  	0  	0  	1   	1  	0  	1   	 41.625 ns
      713	0011001     	0  	0  	1  	1   	0  	0  	1   	270.875 ns
      714	0011001     	0  	0  	1  	1   	0  	0  	1   	 41.625 ns
      715	0001001     	0  	0  	0  	1   	0  	0  	1   	 41.750 ns
      716	0011001     	0  	0  	1  	1   	0  	0  	1   	270.875 ns
      717	0001001     	0  	0  	0  	1   	0  	0  	1   	 41.500 ns
      718	0001001     	0  	0  	0  	1   	0  	0  	1   	 41.625 ns
      719	0001011     	0  	0  	0  	1   	0  	1  	1   	333.500 ns
      720	0001101     	0  	0  	0  	1   	1  	0  	1   	 41.625 ns
      721	0001101     	0  	0  	0  	1   	1  	0  	1   	 41.625 ns
      722	0001001     	0  	0  	0  	1   	0  	0  	1   	 41.500 ns
      723	0001001     	0  	0  	0  	1   	0  	0  	1   	 41.750 ns
      724	0001101     	0  	0  	0  	1   	1  	0  	1   	 41.750 ns
      725	0001001     	0  	0  	0  	1   	0  	0  	1   	 41.500 ns
      726	0001101     	0  	0  	0  	1   	1  	0  	1   	 41.875 ns
      727	0001001     	0  	0  	0  	1   	0  	0  	1   	125.000 ns
      728	0001101     	0  	0  	0  	1   	1  	0  	1   	 41.625 ns
      729	0001001     	0  	0  	0  	1   	0  	0  	1   	 41.625 ns
      730	0001101     	0  	0  	0  	1   	1  	0  	1   	 41.625 ns
      731	0001111     	0  	0  	0  	1   	1  	1  	1   	 41.750 ns
      732	0001101     	0  	0  	0  	1   	1  	0  	1   	 41.625 ns
      733	0001101     	0  	0  	0  	1   	1  	0  	1   	 41.625 ns
      734	0001101     	0  	0  	0  	1   	1  	0  	1   	 41.750 ns
      735	0001101     	0  	0  	0  	1   	1  	0  	1   	125.000 ns
      736	0001101     	0  	0  	0  	1   	1  	0  	1   	 41.625 ns
      737	0001001     	0  	0  	0  	1   	0  	0  	1   	 41.500 ns
      738	0001001     	0  	0  	0  	1   	0  	0  	1   	 41.750 ns
      739	0001101     	0  	0  	0  	1   	1  	0  	1   	 41.875 ns
      740	0001101     	0  	0  	0  	1   	1  	0  	1   	 41.500 ns
      741	0001001     	0  	0  	0  	1   	0  	0  	1   	 41.625 ns
      742	0001001     	0  	0  	0  	1   	0  	0  	1   	 41.625 ns
      743	0001001     	0  	0  	0  	1   	0  	0  	1   	125.125 ns
      744	0001001     	0  	0  	0  	1   	0  	0  	1   	 41.625 ns
      745	0001101     	0  	0  	0  	1   	1  	0  	1   	 41.750 ns
      746	0001101     	0  	0  	0  	1   	1  	0  	1   	 41.500 ns
      747	0001101     	0  	0  	0  	1   	1  	0  	1   	 41.750 ns
      748	0001101     	0  	0  	0  	1   	1  	0  	1   	 41.625 ns
      749	0001101     	0  	0  	0  	1   	1  	0  	1   	 41.750 ns
      750	0001001     	0  	0  	0  	1   	0  	0  	1   	 41.500 ns
      751	0011101     	0  	0  	1  	1   	1  	0  	1   	270.875 ns
      752	0011101     	0  	0  	1  	1   	1  	0  	1   	 41.625 ns
      753	0001101     	0  	0  	0  	1   	1  	0  	1   	 41.750 ns
      754	0001001     	0  	0  	0  	1   	0  	0  	1   	270.750 ns
      755	0011001     	0  	0  	1  	1   	0  	0  	1   	 41.625 ns
      756	0011001     	0  	0  	1  	1   	0  	0  	1   	 41.625 ns
      757	0001001     	0  	0  	0  	1   	0  	0  	1   	 41.750 ns
      758	0001001     	0  	0  	0  	1   	0  	0  	1   	 41.625 ns
      759	0001011     	0  	0  	0  	1   	0  	1  	1   	271.000 ns
      760	0001001     	0  	0  	0  	1   	0  	0  	1   	 41.500 ns
      761	0001101     	0  	0  	0  	1   	1  	0  	1   	 41.750 ns
      762	0001001     	0  	0  	0  	1   	0  	0  	1   	 41.500 ns
      763	0001101     	0  	0  	0  	1   	1  	0  	1   	 41.875 ns
      764	0001101     	0  	0  	0  	1   	1  	0  	1   	 41.625 ns
      765	0001101     	0  	0  	0  	1   	1  	0  	1   	 41.625 ns
      766	0011001     	0  	0  	1  	1   	0  	0  	1   	270.875 ns
      767	0011001     	0  	0  	1  	1   	0  	0  	1   	 41.625 ns
      768	0001001     	0  	0  	0  	1   	0  	0  	1   	 41.750 ns
      769	0011001     	0  	0  	1  	1   	0  	0  	1   	270.750 ns
      770	0001001     	0  	0  	0  	1   	0  	0  	1   	 41.625 ns
      771	0001001     	0  	0  	0  	1   	0  	0  	1   	 41.625 ns
      772	0001011     	0  	0  	0  	1   	0  	1  	1   	333.375 ns
      773	0001001     	0  	0  	0  	1   	0  	0  	1   	 41.625 ns
      774	0001001     	0  	0  	0  	1   	0  	0  	1   	 41.625 ns
      775	0001001     	0  	0  	0  	1   	0  	0  	1   	 41.750 ns
      776	0001001     	0  	0  	0  	1   	0  	0  	1   	 41.625 ns
      777	0001101     	0  	0  	0  	1   	1  	0  	1   	 41.750 ns
      778	0001001     	0  	0  	0  	1   	0  	0  	1   	 41.500 ns
      779	0001001     	0  	0  	0  	1   	0  	0  	1   	 41.750 ns
      780	0001001     	0  	0  	0  	1   	0  	0  	1   	125.000 ns
      781	0001001     	0  	0  	0  	1   	0  	0  	1   	 41.625 ns
      782	0001001     	0  	0  	0  	1   	0  	0  	1   	 41.625 ns
      783	0001001     	0  	0  	0  	1   	0  	0  	1   	 41.625 ns
      784	0001011     	0  	0  	0  	1   	0  	1  	1   	 41.750 ns
      785	0001001     	0  	0  	0  	1   	0  	0  	1   	 41.625 ns
      786	0001001     	0  	0  	0  	1   	0  	0  	1   	 41.625 ns
      787	0001001     	0  	0  	0  	1   	0  	0  	1   	 41.750 ns
      788	0001001     	0  	0  	0  	1   	0  	0  	1   	125.000 ns
      789	0001001     	0  	0  	0  	1   	0  	0  	1   	 41.625 ns
      790	0001001     	0  	0  	0  	1   	0  	0  	1   	 41.750 ns
      791	0001001     	0  	0  	0  	1   	0  	0  	1   	 41.500 ns
      792	0001001     	0  	0  	0  	1   	0  	0  	1   	 41.750 ns
      793	0001001     	0  	0  	0  	1   	0  	0  	1   	 41.625 ns
      794	0001001     	0  	0  	0  	1   	0  	0  	1   	 41.750 ns
      795	0001101     	0  	0  	0  	1   	1  	0  	1   	 41.750 ns
      796	0001001     	0  	0  	0  	1   	0  	0  	1   	125.000 ns
      797	0001101     	0  	0  	0  	1   	1  	0  	1   	 41.625 ns
      798	0001101     	0  	0  	0  	1   	1  	0  	1   	 41.625 ns
      799	0001101     	0  	0  	0  	1   	1  	0  	1   	 41.500 ns
      800	0001001     	0  	0  	0  	1   	0  	0  	1   	 41.750 ns
      801	0001001     	0  	0  	0  	1   	0  	0  	1   	 41.625 ns
      802	0001101     	0  	0  	0  	1   	1  	0  	1   	 41.750 ns
      803	0001001     	0  	0  	0  	1   	0  	0  	1   	 41.500 ns
      804	0011101     	0  	0  	1  	1   	1  	0  	1   	271.000 ns
      805	0011101     	0  	0  	1  	1   	1  	0  	1   	 41.625 ns
      806	0001101     	0  	0  	0  	1   	1  	0  	1   	 41.625 ns
      807	0001001     	0  	0  	0  	1   	0  	0  	1   	270.875 ns
      808	0011001     	0  	0  	1  	1   	0  	0  	1   	 41.625 ns
      809	0011001     	0  	0  	1  	1   	0  	0  	1   	 41.625 ns
      810	0001001     	0  	0  	0  	1   	0  	0  	1   	 41.625 ns
      811	0001001     	0  	0  	0  	1   	0  	0  	1   	 41.750 ns
      812	0001011     	0  	0  	0  	1   	0  	1  	1   	270.875 ns
      813	0001001     	0  	0  	0  	1   	0  	0  	1   	 41.500 ns
      814	0001101     	0  	0  	0  	1   	1  	0  	1   	 41.750 ns
      815	0001001     	0  	0  	0  	1   	0  	0  	1   	 41.625 ns
      816	0001101     	0  	0  	0  	1   	1  	0  	1   	 41.750 ns
      817	0001101     	0  	0  	0  	1   	1  	0  	1   	 41.625 ns
      818	0001101     	0  	0  	0  	1   	1  	0  	1   	 41.750 ns
      819	0011001     	0  	0  	1  	1   	0  	0  	1   	270.750 ns
      820	0011001     	0  	0  	1  	1   	0  	0  	1   	 41.625 ns
      821	0001001     	0  	0  	0  	1   	0  	0  	1   	 41.750 ns
      822	0011001     	0  	0  	1  	1   	0  	0  	1   	270.750 ns
      823	0001001     	0  	0  	0  	1   	0  	0  	1   	 41.750 ns
      824	0001001     	0  	0  	0  	1   	0  	0  	1   	 41.500 ns
      825	0001011     	0  	0  	0  	1   	0  	1  	1   	333.375 ns
      826	0001101     	0  	0  	0  	1   	1  	0  	1   	 41.625 ns
      827	0001101     	0  	0  	0  	1   	1  	0  	1   	 41.625 ns
      828	0001001     	0  	0  	0  	1   	0  	0  	1   	 41.625 ns
      829	0001001     	0  	0  	0  	1   	0  	0  	1   	 41.750 ns
      830	0001101     	0  	0  	0  	1   	1  	0  	1   	 41.750 ns
      831	0001001     	0  	0  	0  	1   	0  	0  	1   	 41.500 ns
      832	0001101     	0  	0  	0  	1   	1  	0  	1   	 41.875 ns
      833	0001101     	0  	0  	0  	1   	1  	0  	1   	249.875 ns
      834	0001101     	0  	0  	0  	1   	1  	0  	1   	 41.625 ns
      835	0001001     	0  	0  	0  	1   	0  	0  	1   	 41.625 ns
      836	0001101     	0  	0  	0  	1   	1  	0  	1   	 41.750 ns
      837	0001111     	0  	0  	0  	1   	1  	1  	1   	 41.625 ns
      838	0001101     	0  	0  	0  	1   	1  	0  	1   	 41.625 ns
      839	0001101     	0  	0  	0  	1   	1  	0  	1   	 41.750 ns
      840	0001101     	0  	0  	0  	1   	1  	0  	1   	 41.625 ns
      841	0001101     	0  	0  	0  	1   	1  	0  	1   	250.000 ns
      842	0001101     	0  	0  	0  	1   	1  	0  	1   	 41.750 ns
      843	0001001     	0  	0  	0  	1   	0  	0  	1   	 41.500 ns
      844	0001001     	0  	0  	0  	1   	0  	0  	1   	 41.750 ns
      845	0001101     	0  	0  	0  	1   	1  	0  	1   	 41.750 ns
      846	0001101     	0  	0  	0  	1   	1  	0  	1   	 41.625 ns
      847	0001001     	0  	0  	0  	1   	0  	0  	1   	 41.500 ns
      848	0001001     	0  	0  	0  	1   	0  	0  	1   	 41.750 ns
      849	0001001     	0  	0  	0  	1   	0  	0  	1   	375.000 ns
      850	0001001     	0  	0  	0  	1   	0  	0  	1   	 41.625 ns
      851	0001101     	0  	0  	0  	1   	1  	0  	1   	 41.750 ns
      852	0001101     	0  	0  	0  	1   	1  	0  	1   	 41.625 ns
      853	0001101     	0  	0  	0  	1   	1  	0  	1   	 41.625 ns
      854	0001101     	0  	0  	0  	1   	1  	0  	1   	 41.750 ns
      855	0001101     	0  	0  	0  	1   	1  	0  	1   	 41.625 ns
      856	0011001     	0  	0  	1  	1   	0  	0  	1   	375.000 ns
      857	0001001     	0  	0  	0  	1   	0  	0  	1   	 41.625 ns
      858	0011001     	0  	0  	1  	1   	0  	0  	1   	<38,625 us
      859	0001001     	0  	0  	0  	1   	0  	0  	1   	 41.625 ns
      860	0011101     	0  	0  	1  	1   	1  	0  	1   	270.875 ns
      861	0011101     	0  	0  	1  	1   	1  	0  	1   	 41.625 ns
      862	0001101     	0  	0  	0  	1   	1  	0  	1   	 41.750 ns
      863	0001001     	0  	0  	0  	1   	0  	0  	1   	<90,250 us
      864	0011001     	0  	0  	1  	1   	0  	0  	1   	 41.625 ns
      865	0011001     	0  	0  	1  	1   	0  	0  	1   	 41.750 ns
      866	0001001     	0  	0  	0  	1   	0  	0  	1   	 41.625 ns
      867	0001001     	0  	0  	0  	1   	0  	0  	1   	 41.625 ns
      868	0001011     	0  	0  	0  	1   	0  	1  	1   	270.875 ns
      869	0001001     	0  	0  	0  	1   	0  	0  	1   	 41.625 ns
      870	0001101     	0  	0  	0  	1   	1  	0  	1   	 41.750 ns
      871	0001001     	0  	0  	0  	1   	0  	0  	1   	 41.500 ns
      872	0001101     	0  	0  	0  	1   	1  	0  	1   	 41.750 ns
      873	0001101     	0  	0  	0  	1   	1  	0  	1   	 41.750 ns
      874	0001001     	0  	0  	0  	1   	0  	0  	1   	 41.500 ns
      875	0011101     	0  	0  	1  	1   	1  	0  	1   	271.000 ns
      876	0011101     	0  	0  	1  	1   	1  	0  	1   	 41.625 ns
      877	0001101     	0  	0  	0  	1   	1  	0  	1   	 41.625 ns
      878	0011001     	0  	0  	1  	1   	0  	0  	1   	270.875 ns
      879	0001001     	0  	0  	0  	1   	0  	0  	1   	 41.500 ns
      880	0001001     	0  	0  	0  	1   	0  	0  	1   	 41.750 ns
      881	0001001     	0  	0  	0  	1   	0  	0  	1   	333.250 ns
      882	0001001     	0  	0  	0  	1   	0  	0  	1   	 41.625 ns
      883	0001101     	0  	0  	0  	1   	1  	0  	1   	 41.750 ns
      884	0001011     	0  	0  	0  	1   	0  	1  	1   	 41.625 ns
      885	0001101     	0  	0  	0  	1   	1  	0  	1   	 41.750 ns
      886	0001101     	0  	0  	0  	1   	1  	0  	1   	 41.625 ns
      887	0001001     	0  	0  	0  	1   	0  	0  	1   	 41.500 ns
      888	0001111     	0  	0  	0  	1   	1  	1  	1   	 41.750 ns
      889	0001001     	0  	0  	0  	1   	0  	0  	1   	250.000 ns
      890	0001011     	0  	0  	0  	1   	0  	1  	1   	 41.750 ns
      891	0001011     	0  	0  	0  	1   	0  	1  	1   	 41.625 ns
      892	0001001     	0  	0  	0  	1   	0  	0  	1   	 41.625 ns
      893	0001011     	0  	0  	0  	1   	0  	1  	1   	 41.750 ns
      894	0001011     	0  	0  	0  	1   	0  	1  	1   	 41.625 ns
      895	0001001     	0  	0  	0  	1   	0  	0  	1   	 41.625 ns
      896	0001001     	0  	0  	0  	1   	0  	0  	1   	 41.625 ns
      897	0001001     	0  	0  	0  	1   	0  	0  	1   	250.125 ns
      898	0001011     	0  	0  	0  	1   	0  	1  	1   	 41.625 ns
      899	0001001     	0  	0  	0  	1   	0  	0  	1   	 41.625 ns
      900	0001011     	0  	0  	0  	1   	0  	1  	1   	 41.625 ns
      901	0001011     	0  	0  	0  	1   	0  	1  	1   	 41.750 ns
      902	0001011     	0  	0  	0  	1   	0  	1  	1   	 41.625 ns
      903	0001011     	0  	0  	0  	1   	0  	1  	1   	 41.625 ns
      904	0001011     	0  	0  	0  	1   	0  	1  	1   	 41.750 ns
      905	0001011     	0  	0  	0  	1   	0  	1  	1   	250.000 ns
      906	0001011     	0  	0  	0  	1   	0  	1  	1   	 41.625 ns
      907	0001011     	0  	0  	0  	1   	0  	1  	1   	 41.625 ns
      908	0001011     	0  	0  	0  	1   	0  	1  	1   	 41.625 ns
      909	0001011     	0  	0  	0  	1   	0  	1  	1   	 41.625 ns
      910	0001011     	0  	0  	0  	1   	0  	1  	1   	 41.750 ns
      911	0001011     	0  	0  	0  	1   	0  	1  	1   	 41.750 ns
      912	0001011     	0  	0  	0  	1   	0  	1  	1   	 41.500 ns
      913	0011001     	0  	0  	1  	1   	0  	0  	1   	375.125 ns
      914	0011001     	0  	0  	1  	1   	0  	0  	1   	 41.625 ns
      915	0001001     	0  	0  	0  	1   	0  	0  	1   	 41.625 ns
      916	0001001     	0  	0  	0  	1   	0  	0  	1   	<31,500 us
      917	0011001     	0  	0  	1  	1   	0  	0  	1   	 41.500 ns
      918	0011001     	0  	0  	1  	1   	0  	0  	1   	 41.750 ns
      919	0001001     	0  	0  	0  	1   	0  	0  	1   	 41.625 ns
      920	0001001     	0  	0  	0  	1   	0  	0  	1   	 41.750 ns
      921	0001011     	0  	0  	0  	1   	0  	1  	1   	270.750 ns
      922	0001001     	0  	0  	0  	1   	0  	0  	1   	 41.625 ns
      923	0001101     	0  	0  	0  	1   	1  	0  	1   	 41.750 ns
      924	0001001     	0  	0  	0  	1   	0  	0  	1   	 41.625 ns
      925	0001101     	0  	0  	0  	1   	1  	0  	1   	 41.750 ns
      926	0001101     	0  	0  	0  	1   	1  	0  	1   	 41.500 ns
      927	0001001     	0  	0  	0  	1   	0  	0  	1   	 41.625 ns
      928	0011101     	0  	0  	1  	1   	1  	0  	1   	271.000 ns
      929	0011101     	0  	0  	1  	1   	1  	0  	1   	 41.625 ns
      930	0001101     	0  	0  	0  	1   	1  	0  	1   	 41.625 ns
      931	0011001     	0  	0  	1  	1   	0  	0  	1   	270.875 ns
      932	0001001     	0  	0  	0  	1   	0  	0  	1   	 41.625 ns
      933	0001001     	0  	0  	0  	1   	0  	0  	1   	 41.625 ns
      934	0001001     	0  	0  	0  	1   	0  	0  	1   	333.375 ns
      935	0001001     	0  	0  	0  	1   	0  	0  	1   	 41.625 ns
      936	0001001     	0  	0  	0  	1   	0  	0  	1   	 41.750 ns
      937	0001111     	0  	0  	0  	1   	1  	1  	1   	 41.625 ns
      938	0001001     	0  	0  	0  	1   	0  	0  	1   	 41.500 ns
      939	0001001     	0  	0  	0  	1   	0  	0  	1   	 41.750 ns
      940	0001001     	0  	0  	0  	1   	0  	0  	1   	 41.750 ns
      941	0001111     	0  	0  	0  	1   	1  	1  	1   	 41.625 ns
      942	0001001     	0  	0  	0  	1   	0  	0  	1   	125.000 ns
      943	0001111     	0  	0  	0  	1   	1  	1  	1   	 41.625 ns
      944	0001111     	0  	0  	0  	1   	1  	1  	1   	 41.750 ns
      945	0001001     	0  	0  	0  	1   	0  	0  	1   	 41.500 ns
      946	0001111     	0  	0  	0  	1   	1  	1  	1   	 41.875 ns
      947	0001111     	0  	0  	0  	1   	1  	1  	1   	 41.500 ns
      948	0001001     	0  	0  	0  	1   	0  	0  	1   	 41.625 ns
      949	0001001     	0  	0  	0  	1   	0  	0  	1   	 41.750 ns
      950	0001001     	0  	0  	0  	1   	0  	0  	1   	125.000 ns
      951	0001111     	0  	0  	0  	1   	1  	1  	1   	 41.750 ns
      952	0001001     	0  	0  	0  	1   	0  	0  	1   	 41.500 ns
      953	0001111     	0  	0  	0  	1   	1  	1  	1   	 41.750 ns
      954	0001111     	0  	0  	0  	1   	1  	1  	1   	 41.625 ns
      955	0001111     	0  	0  	0  	1   	1  	1  	1   	 41.625 ns
      956	0001111     	0  	0  	0  	1   	1  	1  	1   	 41.750 ns
      957	0001111     	0  	0  	0  	1   	1  	1  	1   	 41.625 ns
      958	0001111     	0  	0  	0  	1   	1  	1  	1   	125.125 ns
      959	0001111     	0  	0  	0  	1   	1  	1  	1   	 41.625 ns
      960	0001111     	0  	0  	0  	1   	1  	1  	1   	 41.625 ns
      961	0001111     	0  	0  	0  	1   	1  	1  	1   	 41.625 ns
      962	0001111     	0  	0  	0  	1   	1  	1  	1   	 41.750 ns
      963	0001111     	0  	0  	0  	1   	1  	1  	1   	 41.500 ns
      964	0001111     	0  	0  	0  	1   	1  	1  	1   	 41.750 ns
      965	0001111     	0  	0  	0  	1   	1  	1  	1   	 41.625 ns
      966	0011101     	0  	0  	1  	1   	1  	0  	1   	270.875 ns
      967	0011101     	0  	0  	1  	1   	1  	0  	1   	 41.625 ns
      968	0001101     	0  	0  	0  	1   	1  	0  	1   	 41.750 ns
      969	0001001     	0  	0  	0  	1   	0  	0  	1   	270.750 ns
      970	0011001     	0  	0  	1  	1   	0  	0  	1   	 41.625 ns
      971	0011001     	0  	0  	1  	1   	0  	0  	1   	 41.625 ns
      972	0001001     	0  	0  	0  	1   	0  	0  	1   	 41.750 ns
      973	0001001     	0  	0  	0  	1   	0  	0  	1   	 41.625 ns
      974	0001011     	0  	0  	0  	1   	0  	1  	1   	270.875 ns
      975	0001001     	0  	0  	0  	1   	0  	0  	1   	 41.500 ns
      976	0001101     	0  	0  	0  	1   	1  	0  	1   	 41.875 ns
      977	0001001     	0  	0  	0  	1   	0  	0  	1   	 41.500 ns
      978	0001101     	0  	0  	0  	1   	1  	0  	1   	 41.875 ns
      979	0001101     	0  	0  	0  	1   	1  	0  	1   	 41.625 ns
      980	0001101     	0  	0  	0  	1   	1  	0  	1   	 41.500 ns
      981	0011001     	0  	0  	1  	1   	0  	0  	1   	271.000 ns
      982	0011001     	0  	0  	1  	1   	0  	0  	1   	 41.625 ns
      983	0001001     	0  	0  	0  	1   	0  	0  	1   	 41.625 ns
      984	0011001     	0  	0  	1  	1   	0  	0  	1   	270.875 ns
      985	0001001     	0  	0  	0  	1   	0  	0  	1   	 41.625 ns
      986	0001001     	0  	0  	0  	1   	0  	0  	1   	 41.625 ns
      987	0001011     	0  	0  	0  	1   	0  	1  	1   	333.375 ns
      988	0001101     	0  	0  	0  	1   	1  	0  	1   	 41.625 ns
      989	0001101     	0  	0  	0  	1   	1  	0  	1   	 41.625 ns
      990	0001001     	0  	0  	0  	1   	0  	0  	1   	 41.625 ns
      991	0001001     	0  	0  	0  	1   	0  	0  	1   	 41.625 ns
      992	0001101     	0  	0  	0  	1   	1  	0  	1   	 41.750 ns
      993	0001001     	0  	0  	0  	1   	0  	0  	1   	 41.625 ns
      994	0001101     	0  	0  	0  	1   	1  	0  	1   	 41.750 ns
      995	0001001     	0  	0  	0  	1   	0  	0  	1   	124.875 ns
      996	0001101     	0  	0  	0  	1   	1  	0  	1   	 41.750 ns
      997	0001001     	0  	0  	0  	1   	0  	0  	1   	 41.625 ns
      998	0001101     	0  	0  	0  	1   	1  	0  	1   	 41.750 ns
      999	0001111     	0  	0  	0  	1   	1  	1  	1   	 41.625 ns
     1000	0001101     	0  	0  	0  	1   	1  	0  	1   	 41.625 ns
     1001	0001101     	0  	0  	0  	1   	1  	0  	1   	 41.625 ns
     1002	0001101     	0  	0  	0  	1   	1  	0  	1   	 41.625 ns
     1003	0001101     	0  	0  	0  	1   	1  	0  	1   	125.125 ns
     1004	0001101     	0  	0  	0  	1   	1  	0  	1   	 41.625 ns
     1005	0001001     	0  	0  	0  	1   	0  	0  	1   	 41.500 ns
     1006	0001001     	0  	0  	0  	1   	0  	0  	1   	 41.750 ns
     1007	0001101     	0  	0  	0  	1   	1  	0  	1   	 41.875 ns
     1008	0001101     	0  	0  	0  	1   	1  	0  	1   	 41.500 ns
     1009	0001001     	0  	0  	0  	1   	0  	0  	1   	 41.625 ns
     1010	0001001     	0  	0  	0  	1   	0  	0  	1   	 41.750 ns
     1011	0001001     	0  	0  	0  	1   	0  	0  	1   	125.000 ns
     1012	0001001     	0  	0  	0  	1   	0  	0  	1   	 41.625 ns
     1013	0001101     	0  	0  	0  	1   	1  	0  	1   	 41.750 ns
     1014	0001101     	0  	0  	0  	1   	1  	0  	1   	 41.625 ns
     1015	0001101     	0  	0  	0  	1   	1  	0  	1   	 41.625 ns
     1016	0001101     	0  	0  	0  	1   	1  	0  	1   	 41.625 ns
     1017	0001101     	0  	0  	0  	1   	1  	0  	1   	 41.750 ns
     1018	0001001     	0  	0  	0  	1   	0  	0  	1   	 41.500 ns
     1019	0011101     	0  	0  	1  	1   	1  	0  	1   	271.000 ns
     1020	0011101     	0  	0  	1  	1   	1  	0  	1   	 41.625 ns
     1021	0001101     	0  	0  	0  	1   	1  	0  	1   	 41.625 ns
     1022	0001001     	0  	0  	0  	1   	0  	0  	1   	270.875 ns
     1023	0011001     	0  	0  	1  	1   	0  	0  	1   	 41.500 ns
     1024	0011001     	0  	0  	1  	1   	0  	0  	1   	 41.750 ns
     1025	0001001     	0  	0  	0  	1   	0  	0  	1   	 41.750 ns
     1026	0001001     	0  	0  	0  	1   	0  	0  	1   	 41.500 ns
     1027	0001011     	0  	0  	0  	1   	0  	1  	1   	271.000 ns
     1028	0001001     	0  	0  	0  	1   	0  	0  	1   	 41.500 ns
     1029	0001101     	0  	0  	0  	1   	1  	0  	1   	 41.875 ns
     1030	0001001     	0  	0  	0  	1   	0  	0  	1   	 41.375 ns
     1031	0001101     	0  	0  	0  	1   	1  	0  	1   	 41.875 ns
     1032	0001101     	0  	0  	0  	1   	1  	0  	1   	 41.500 ns
     1033	0001101     	0  	0  	0  	1   	1  	0  	1   	 41.750 ns
     1034	0011001     	0  	0  	1  	1   	0  	0  	1   	270.875 ns
     1035	0011001     	0  	0  	1  	1   	0  	0  	1   	 41.625 ns
     1036	0001001     	0  	0  	0  	1   	0  	0  	1   	 41.625 ns
     1037	0011001     	0  	0  	1  	1   	0  	0  	1   	270.875 ns
     1038	0001001     	0  	0  	0  	1   	0  	0  	1   	 41.625 ns
     1039	0001001     	0  	0  	0  	1   	0  	0  	1   	 41.625 ns
     1040	0001011     	0  	0  	0  	1   	0  	1  	1   	333.375 ns
     1041	0001101     	0  	0  	0  	1   	1  	0  	1   	 41.750 ns
     1042	0001101     	0  	0  	0  	1   	1  	0  	1   	 41.625 ns
     1043	0001001     	0  	0  	0  	1   	0  	0  	1   	 41.500 ns
     1044	0001001     	0  	0  	0  	1   	0  	0  	1   	 41.625 ns
     1045	0001101     	0  	0  	0  	1   	1  	0  	1   	 41.875 ns
     1046	0001001     	0  	0  	0  	1   	0  	0  	1   	 41.500 ns
     1047	0001101     	0  	0  	0  	1   	1  	0  	1   	 41.750 ns
     1048	0001101     	0  	0  	0  	1   	1  	0  	1   	125.000 ns
     1049	0001101     	0  	0  	0  	1   	1  	0  	1   	 41.625 ns
     1050	0001001     	0  	0  	0  	1   	0  	0  	1   	 41.625 ns
     1051	0001001     	0  	0  	0  	1   	0  	0  	1   	 41.625 ns
     1052	0001011     	0  	0  	0  	1   	0  	1  	1   	 41.625 ns
     1053	0001001     	0  	0  	0  	1   	0  	0  	1   	 41.750 ns
     1054	0001001     	0  	0  	0  	1   	0  	0  	1   	 41.625 ns
     1055	0001001     	0  	0  	0  	1   	0  	0  	1   	 41.750 ns
     1056	0001001     	0  	0  	0  	1   	0  	0  	1   	125.000 ns
     1057	0001001     	0  	0  	0  	1   	0  	0  	1   	 41.625 ns
     1058	0001001     	0  	0  	0  	1   	0  	0  	1   	 41.625 ns
     1059	0001101     	0  	0  	0  	1   	1  	0  	1   	 41.875 ns
     1060	0001001     	0  	0  	0  	1   	0  	0  	1   	 41.500 ns
     1061	0001101     	0  	0  	0  	1   	1  	0  	1   	 41.750 ns
     1062	0001001     	0  	0  	0  	1   	0  	0  	1   	 41.500 ns
     1063	0001001     	0  	0  	0  	1   	0  	0  	1   	 41.750 ns
     1064	0001001     	0  	0  	0  	1   	0  	0  	1   	125.000 ns
     1065	0001001     	0  	0  	0  	1   	0  	0  	1   	 41.750 ns
     1066	0001101     	0  	0  	0  	1   	1  	0  	1   	 41.625 ns
     1067	0001101     	0  	0  	0  	1   	1  	0  	1   	 41.625 ns
     1068	0001101     	0  	0  	0  	1   	1  	0  	1   	 41.625 ns
     1069	0001101     	0  	0  	0  	1   	1  	0  	1   	 41.750 ns
     1070	0001101     	0  	0  	0  	1   	1  	0  	1   	 41.625 ns
     1071	0001001     	0  	0  	0  	1   	0  	0  	1   	 41.625 ns
     1072	0011101     	0  	0  	1  	1   	1  	0  	1   	270.875 ns
     1073	0011101     	0  	0  	1  	1   	1  	0  	1   	 41.500 ns
     1074	0001101     	0  	0  	0  	1   	1  	0  	1   	 41.750 ns
     1075	0001001     	0  	0  	0  	1   	0  	0  	1   	270.875 ns
     1076	0011001     	0  	0  	1  	1   	0  	0  	1   	 41.625 ns
     1077	0011001     	0  	0  	1  	1   	0  	0  	1   	 41.625 ns
     1078	0001001     	0  	0  	0  	1   	0  	0  	1   	 41.750 ns
     1079	0001001     	0  	0  	0  	1   	0  	0  	1   	 41.625 ns
     1080	0001011     	0  	0  	0  	1   	0  	1  	1   	270.875 ns
     1081	0001001     	0  	0  	0  	1   	0  	0  	1   	 41.625 ns
     1082	0001101     	0  	0  	0  	1   	1  	0  	1   	 41.750 ns
     1083	0001001     	0  	0  	0  	1   	0  	0  	1   	 41.500 ns
     1084	0001101     	0  	0  	0  	1   	1  	0  	1   	 41.875 ns
     1085	0001101     	0  	0  	0  	1   	1  	0  	1   	 41.625 ns
     1086	0001001     	0  	0  	0  	1   	0  	0  	1   	 41.500 ns
     1087	0011101     	0  	0  	1  	1   	1  	0  	1   	271.000 ns
     1088	0011101     	0  	0  	1  	1   	1  	0  	1   	 41.500 ns
     1089	0001101     	0  	0  	0  	1   	1  	0  	1   	 41.750 ns
     1090	0011001     	0  	0  	1  	1   	0  	0  	1   	270.875 ns
     1091	0001001     	0  	0  	0  	1   	0  	0  	1   	 41.625 ns
     1092	0001001     	0  	0  	0  	1   	0  	0  	1   	 41.625 ns
     1093	0001001     	0  	0  	0  	1   	0  	0  	1   	333.375 ns
     1094	0001001     	0  	0  	0  	1   	0  	0  	1   	 41.625 ns
     1095	0001001     	0  	0  	0  	1   	0  	0  	1   	 41.625 ns
     1096	0001111     	0  	0  	0  	1   	1  	1  	1   	 41.750 ns
     1097	0001001     	0  	0  	0  	1   	0  	0  	1   	 41.500 ns
     1098	0001001     	0  	0  	0  	1   	0  	0  	1   	 41.750 ns
     1099	0001001     	0  	0  	0  	1   	0  	0  	1   	 41.625 ns
     1100	0001111     	0  	0  	0  	1   	1  	1  	1   	 41.750 ns
     1101	0001001     	0  	0  	0  	1   	0  	0  	1   	125.000 ns
     1102	0001111     	0  	0  	0  	1   	1  	1  	1   	 41.625 ns
     1103	0001111     	0  	0  	0  	1   	1  	1  	1   	 41.625 ns
     1104	0001001     	0  	0  	0  	1   	0  	0  	1   	 41.625 ns
     1105	0001111     	0  	0  	0  	1   	1  	1  	1   	 41.750 ns
     1106	0001111     	0  	0  	0  	1   	1  	1  	1   	 41.625 ns
     1107	0001001     	0  	0  	0  	1   	0  	0  	1   	 41.500 ns
     1108	0001001     	0  	0  	0  	1   	0  	0  	1   	 41.750 ns
     1109	0001001     	0  	0  	0  	1   	0  	0  	1   	125.125 ns
     1110	0001111     	0  	0  	0  	1   	1  	1  	1   	 41.625 ns
     1111	0001001     	0  	0  	0  	1   	0  	0  	1   	 41.625 ns
     1112	0001111     	0  	0  	0  	1   	1  	1  	1   	 41.625 ns
     1113	0001111     	0  	0  	0  	1   	1  	1  	1   	 41.750 ns
     1114	0001111     	0  	0  	0  	1   	1  	1  	1   	 41.625 ns
     1115	0001111     	0  	0  	0  	1   	1  	1  	1   	 41.625 ns
     1116	0001111     	0  	0  	0  	1   	1  	1  	1   	 41.750 ns
     1117	0001111     	0  	0  	0  	1   	1  	1  	1   	125.000 ns
     1118	0001111     	0  	0  	0  	1   	1  	1  	1   	 41.625 ns
     1119	0001111     	0  	0  	0  	1   	1  	1  	1   	 41.625 ns
     1120	0001111     	0  	0  	0  	1   	1  	1  	1   	 41.750 ns
     1121	0001111     	0  	0  	0  	1   	1  	1  	1   	 41.625 ns
     1122	0001111     	0  	0  	0  	1   	1  	1  	1   	 41.625 ns
     1123	0001111     	0  	0  	0  	1   	1  	1  	1   	 41.625 ns
     1124	0001111     	0  	0  	0  	1   	1  	1  	1   	 41.750 ns
     1125	0011101     	0  	0  	1  	1   	1  	0  	1   	270.875 ns
     1126	0011101     	0  	0  	1  	1   	1  	0  	1   	 41.500 ns
     1127	0001101     	0  	0  	0  	1   	1  	0  	1   	 41.750 ns
     1128	0001001     	0  	0  	0  	1   	0  	0  	1   	270.875 ns
     1129	0011001     	0  	0  	1  	1   	0  	0  	1   	 41.500 ns
     1130	0011001     	0  	0  	1  	1   	0  	0  	1   	 41.750 ns
     1131	0001001     	0  	0  	0  	1   	0  	0  	1   	 41.625 ns
     1132	0001001     	0  	0  	0  	1   	0  	0  	1   	 41.750 ns
     1133	0001011     	0  	0  	0  	1   	0  	1  	1   	270.875 ns
     1134	0001001     	0  	0  	0  	1   	0  	0  	1   	 41.500 ns
     1135	0001101     	0  	0  	0  	1   	1  	0  	1   	 41.750 ns
     1136	0001001     	0  	0  	0  	1   	0  	0  	1   	 41.625 ns
     1137	0001101     	0  	0  	0  	1   	1  	0  	1   	 41.750 ns
     1138	0001101     	0  	0  	0  	1   	1  	0  	1   	 41.625 ns
     1139	0001101     	0  	0  	0  	1   	1  	0  	1   	 41.625 ns
     1140	0011001     	0  	0  	1  	1   	0  	0  	1   	271.000 ns
     1141	0011001     	0  	0  	1  	1   	0  	0  	1   	 41.500 ns
     1142	0001001     	0  	0  	0  	1   	0  	0  	1   	 41.750 ns
     1143	0011001     	0  	0  	1  	1   	0  	0  	1   	270.750 ns
     1144	0001001     	0  	0  	0  	1   	0  	0  	1   	 41.750 ns
     1145	0001001     	0  	0  	0  	1   	0  	0  	1   	 41.500 ns
     1146	0001011     	0  	0  	0  	1   	0  	1  	1   	333.375 ns
     1147	0001101     	0  	0  	0  	1   	1  	0  	1   	 41.750 ns
     1148	0001101     	0  	0  	0  	1   	1  	0  	1   	 41.500 ns
     1149	0001001     	0  	0  	0  	1   	0  	0  	1   	 41.625 ns
     1150	0001001     	0  	0  	0  	1   	0  	0  	1   	 41.750 ns
     1151	0001101     	0  	0  	0  	1   	1  	0  	1   	 41.750 ns
     1152	0001001     	0  	0  	0  	1   	0  	0  	1   	 41.500 ns
     1153	0001101     	0  	0  	0  	1   	1  	0  	1   	 41.750 ns
     1154	0001001     	0  	0  	0  	1   	0  	0  	1   	125.000 ns
     1155	0001101     	0  	0  	0  	1   	1  	0  	1   	 41.750 ns
     1156	0001001     	0  	0  	0  	1   	0  	0  	1   	 41.500 ns
     1157	0001101     	0  	0  	0  	1   	1  	0  	1   	 41.750 ns
     1158	0001111     	0  	0  	0  	1   	1  	1  	1   	 41.625 ns
     1159	0001101     	0  	0  	0  	1   	1  	0  	1   	 41.750 ns
     1160	0001101     	0  	0  	0  	1   	1  	0  	1   	 41.625 ns
     1161	0001101     	0  	0  	0  	1   	1  	0  	1   	 41.625 ns
     1162	0001101     	0  	0  	0  	1   	1  	0  	1   	125.125 ns
     1163	0001101     	0  	0  	0  	1   	1  	0  	1   	 41.500 ns
     1164	0001001     	0  	0  	0  	1   	0  	0  	1   	 41.625 ns
     1165	0001001     	0  	0  	0  	1   	0  	0  	1   	 41.750 ns
     1166	0001101     	0  	0  	0  	1   	1  	0  	1   	 41.750 ns
     1167	0001101     	0  	0  	0  	1   	1  	0  	1   	 41.500 ns
     1168	0001001     	0  	0  	0  	1   	0  	0  	1   	 41.625 ns
     1169	0001001     	0  	0  	0  	1   	0  	0  	1   	 41.750 ns
     1170	0001001     	0  	0  	0  	1   	0  	0  	1   	125.000 ns
     1171	0001001     	0  	0  	0  	1   	0  	0  	1   	 41.625 ns
     1172	0001101     	0  	0  	0  	1   	1  	0  	1   	 41.750 ns
     1173	0001101     	0  	0  	0  	1   	1  	0  	1   	 41.500 ns
     1174	0001101     	0  	0  	0  	1   	1  	0  	1   	 41.750 ns
     1175	0001101     	0  	0  	0  	1   	1  	0  	1   	 41.625 ns
     1176	0001101     	0  	0  	0  	1   	1  	0  	1   	 41.750 ns
     1177	0001001     	0  	0  	0  	1   	0  	0  	1   	 41.500 ns
     1178	0011101     	0  	0  	1  	1   	1  	0  	1   	271.000 ns
     1179	0011101     	0  	0  	1  	1   	1  	0  	1   	 41.625 ns
     1180	0001101     	0  	0  	0  	1   	1  	0  	1   	 41.750 ns
     1181	0001001     	0  	0  	0  	1   	0  	0  	1   	270.875 ns
     1182	0011001     	0  	0  	1  	1   	0  	0  	1   	 41.500 ns
     1183	0011001     	0  	0  	1  	1   	0  	0  	1   	 41.625 ns
     1184	0001001     	0  	0  	0  	1   	0  	0  	1   	 41.750 ns
     1185	0001001     	0  	0  	0  	1   	0  	0  	1   	 41.625 ns
     1186	0001011     	0  	0  	0  	1   	0  	1  	1   	270.875 ns
     1187	0001001     	0  	0  	0  	1   	0  	0  	1   	 41.625 ns
     1188	0001101     	0  	0  	0  	1   	1  	0  	1   	 41.750 ns
     1189	0001001     	0  	0  	0  	1   	0  	0  	1   	 41.500 ns
     1190	0001101     	0  	0  	0  	1   	1  	0  	1   	 41.875 ns
     1191	0001001     	0  	0  	0  	1   	0  	0  	1   	 41.500 ns
     1192	0001101     	0  	0  	0  	1   	1  	0  	1   	 41.750 ns
     1193	0011001     	0  	0  	1  	1   	0  	0  	1   	270.750 ns
     1194	0011001     	0  	0  	1  	1   	0  	0  	1   	 41.625 ns
     1195	0001001     	0  	0  	0  	1   	0  	0  	1   	 41.750 ns
     1196	0011001     	0  	0  	1  	1   	0  	0  	1   	270.875 ns
     1197	0001001     	0  	0  	0  	1   	0  	0  	1   	 41.625 ns
     1198	0001001     	0  	0  	0  	1   	0  	0  	1   	 41.500 ns
     1199	0001011     	0  	0  	0  	1   	0  	1  	1   	333.500 ns
     1200	0001001     	0  	0  	0  	1   	0  	0  	1   	 41.625 ns
     1201	0001101     	0  	0  	0  	1   	1  	0  	1   	 41.625 ns
     1202	0001001     	0  	0  	0  	1   	0  	0  	1   	 41.625 ns
     1203	0001101     	0  	0  	0  	1   	1  	0  	1   	 41.750 ns
     1204	0001001     	0  	0  	0  	1   	0  	0  	1   	 41.500 ns
     1205	0001101     	0  	0  	0  	1   	1  	0  	1   	 41.750 ns
     1206	0001001     	0  	0  	0  	1   	0  	0  	1   	 41.625 ns
     1207	0001001     	0  	0  	0  	1   	0  	0  	1   	250.125 ns
     1208	0001001     	0  	0  	0  	1   	0  	0  	1   	 41.500 ns
     1209	0001001     	0  	0  	0  	1   	0  	0  	1   	 41.750 ns
     1210	0001001     	0  	0  	0  	1   	0  	0  	1   	 41.625 ns
     1211	0001011     	0  	0  	0  	1   	0  	1  	1   	 41.625 ns
     1212	0001001     	0  	0  	0  	1   	0  	0  	1   	 41.750 ns
     1213	0001001     	0  	0  	0  	1   	0  	0  	1   	 41.625 ns
     1214	0001001     	0  	0  	0  	1   	0  	0  	1   	 41.750 ns
     1215	0001001     	0  	0  	0  	1   	0  	0  	1   	249.875 ns
     1216	0001001     	0  	0  	0  	1   	0  	0  	1   	 41.750 ns
     1217	0001001     	0  	0  	0  	1   	0  	0  	1   	 41.625 ns
     1218	0001001     	0  	0  	0  	1   	0  	0  	1   	 41.625 ns
     1219	0001001     	0  	0  	0  	1   	0  	0  	1   	 41.750 ns
     1220	0001001     	0  	0  	0  	1   	0  	0  	1   	 41.625 ns
     1221	0001001     	0  	0  	0  	1   	0  	0  	1   	 41.750 ns
     1222	0001001     	0  	0  	0  	1   	0  	0  	1   	 41.500 ns
     1223	0001001     	0  	0  	0  	1   	0  	0  	1   	250.125 ns
     1224	0001001     	0  	0  	0  	1   	0  	0  	1   	 41.625 ns
     1225	0001001     	0  	0  	0  	1   	0  	0  	1   	 41.625 ns
     1226	0001001     	0  	0  	0  	1   	0  	0  	1   	 41.625 ns
     1227	0001001     	0  	0  	0  	1   	0  	0  	1   	 41.750 ns
     1228	0001001     	0  	0  	0  	1   	0  	0  	1   	 41.625 ns
     1229	0001001     	0  	0  	0  	1   	0  	0  	1   	 41.625 ns
     1230	0001001     	0  	0  	0  	1   	0  	0  	1   	 41.625 ns
     1231	0011001     	0  	0  	1  	1   	0  	0  	1   	375.125 ns
     1232	0011001     	0  	0  	1  	1   	0  	0  	1   	 41.625 ns
     1233	0001001     	0  	0  	0  	1   	0  	0  	1   	 41.625 ns
     1234	0001001     	0  	0  	0  	1   	0  	0  	1   	<76,125 us
     1235	0011001     	0  	0  	1  	1   	0  	0  	1   	 41.500 ns
     1236	0011001     	0  	0  	1  	1   	0  	0  	1   	 41.750 ns
     1237	0001001     	0  	0  	0  	1   	0  	0  	1   	 41.625 ns
     1238	0001001     	0  	0  	0  	1   	0  	0  	1   	 41.750 ns
     1239	0001011     	0  	0  	0  	1   	0  	1  	1   	270.875 ns
     1240	0001001     	0  	0  	0  	1   	0  	0  	1   	 41.500 ns
     1241	0001101     	0  	0  	0  	1   	1  	0  	1   	 41.750 ns
     1242	0001001     	0  	0  	0  	1   	0  	0  	1   	 41.625 ns
     1243	0001101     	0  	0  	0  	1   	1  	0  	1   	 41.750 ns
     1244	0001001     	0  	0  	0  	1   	0  	0  	1   	 41.625 ns
     1245	0001101     	0  	0  	0  	1   	1  	0  	1   	 41.625 ns
     1246	0011001     	0  	0  	1  	1   	0  	0  	1   	270.875 ns
     1247	0011001     	0  	0  	1  	1   	0  	0  	1   	 41.625 ns
     1248	0001001     	0  	0  	0  	1   	0  	0  	1   	 41.625 ns
     1249	0011001     	0  	0  	1  	1   	0  	0  	1   	270.875 ns
     1250	0001001     	0  	0  	0  	1   	0  	0  	1   	 41.750 ns
     1251	0001001     	0  	0  	0  	1   	0  	0  	1   	 41.500 ns
     1252	0001011     	0  	0  	0  	1   	0  	1  	1   	333.375 ns
     1253	0001001     	0  	0  	0  	1   	0  	0  	1   	 41.750 ns
     1254	0001101     	0  	0  	0  	1   	1  	0  	1   	 41.625 ns
     1255	0001001     	0  	0  	0  	1   	0  	0  	1   	 41.500 ns
     1256	0001101     	0  	0  	0  	1   	1  	0  	1   	 41.875 ns
     1257	0001001     	0  	0  	0  	1   	0  	0  	1   	 41.375 ns
     1258	0001101     	0  	0  	0  	1   	1  	0  	1   	 41.875 ns
     1259	0001001     	0  	0  	0  	1   	0  	0  	1   	 41.625 ns
     1260	0001001     	0  	0  	0  	1   	0  	0  	1   	250.000 ns
     1261	0001001     	0  	0  	0  	1   	0  	0  	1   	 41.625 ns
     1262	0001001     	0  	0  	0  	1   	0  	0  	1   	 41.750 ns
     1263	0001001     	0  	0  	0  	1   	0  	0  	1   	 41.625 ns
     1264	0001011     	0  	0  	0  	1   	0  	1  	1   	 41.625 ns
     1265	0001001     	0  	0  	0  	1   	0  	0  	1   	 41.625 ns
     1266	0001001     	0  	0  	0  	1   	0  	0  	1   	 41.750 ns
     1267	0001001     	0  	0  	0  	1   	0  	0  	1   	 41.625 ns
     1268	0001001     	0  	0  	0  	1   	0  	0  	1   	250.000 ns
     1269	0001001     	0  	0  	0  	1   	0  	0  	1   	 41.625 ns
     1270	0001001     	0  	0  	0  	1   	0  	0  	1   	 41.750 ns
     1271	0001001     	0  	0  	0  	1   	0  	0  	1   	 41.625 ns
     1272	0001001     	0  	0  	0  	1   	0  	0  	1   	 41.625 ns
     1273	0001001     	0  	0  	0  	1   	0  	0  	1   	 41.625 ns
     1274	0001001     	0  	0  	0  	1   	0  	0  	1   	 41.750 ns
     1275	0001001     	0  	0  	0  	1   	0  	0  	1   	 41.625 ns
     1276	0001001     	0  	0  	0  	1   	0  	0  	1   	250.000 ns
     1277	0001001     	0  	0  	0  	1   	0  	0  	1   	 41.625 ns
     1278	0001001     	0  	0  	0  	1   	0  	0  	1   	 41.625 ns
     1279	0001001     	0  	0  	0  	1   	0  	0  	1   	 41.750 ns
     1280	0001001     	0  	0  	0  	1   	0  	0  	1   	 41.625 ns
     1281	0001001     	0  	0  	0  	1   	0  	0  	1   	 41.625 ns
     1282	0001001     	0  	0  	0  	1   	0  	0  	1   	 41.750 ns
     1283	0001001     	0  	0  	0  	1   	0  	0  	1   	 41.625 ns
     1284	0011001     	0  	0  	1  	1   	0  	0  	1   	375.000 ns
     1285	0011001     	0  	0  	1  	1   	0  	0  	1   	 41.625 ns
     1286	0001001     	0  	0  	0  	1   	0  	0  	1   	 41.750 ns
